Unnamed: 0,accession number,protein name,species,cell type / tissue,number of modifications,date,user,modifications,quantification,MS resolution,Link to original data,peptide Sequence,dataset id,Description,Full Proteoform
,"<a href=""http://www.uniprot.org/uniprot/#{histone.accessionNumber}"" target=""_blank"">P84244</a>",Histone H3.3,Mus musculus,"Male C57BL/6J mouse, liver",1,2017-06-05,veit,K36me2,0.00169178,0,https://www.ebi.ac.uk/pride/archive/projects/PXD005300,ARTKQTARKSTGGKAPRKQLATKAARKSAPSTGGVKKPHRYRPGTVALRE,CrDB000105,"Middle-down proteomics on mouse tissues demonstrates that H3.3 accumulates to near saturation levels in the chromatin of various somatic mouse tissues by late adulthood. Accumulation of H3.3 is associated with profound changes in genome-wide levels of both individual and
combinatorial H3 modifications.",K4unK9unK14unK18unK23unK27unR8unR17unR26unK36me2
,"<a href=""http://www.uniprot.org/uniprot/#{histone.accessionNumber}"" target=""_blank"">P84244</a>",Histone H3.3,Mus musculus,"Male C57BL/6J mouse, liver",1,2017-06-05,veit,K27me2,0.00588863,0,https://www.ebi.ac.uk/pride/archive/projects/PXD005300,ARTKQTARKSTGGKAPRKQLATKAARKSAPSTGGVKKPHRYRPGTVALRE,CrDB000105,"Middle-down proteomics on mouse tissues demonstrates that H3.3 accumulates to near saturation levels in the chromatin of various somatic mouse tissues by late adulthood. Accumulation of H3.3 is associated with profound changes in genome-wide levels of both individual and
combinatorial H3 modifications.",K4unK9unK14unK18unK23unK36unR8unR17unR26unK27me2
,"<a href=""http://www.uniprot.org/uniprot/#{histone.accessionNumber}"" target=""_blank"">P84228</a>",Histone H3.2,Mus musculus,"Male C57BL/6J mouse, liver",3,2017-06-05,veit,K9me2K27me1K36me1,0.01560964,0,https://www.ebi.ac.uk/pride/archive/projects/PXD005300,ARTKQTARKSTGGKAPRKQLATKAARKSAPATGGVKKPHRYRPGTVALRE,CrDB000105,"Middle-down proteomics on mouse tissues demonstrates that H3.3 accumulates to near saturation levels in the chromatin of various somatic mouse tissues by late adulthood. Accumulation of H3.3 is associated with profound changes in genome-wide levels of both individual and
combinatorial H3 modifications.",K4unK14unK18unK23unR8unR17unR26unK9me2K27me1K36me1
,"<a href=""http://www.uniprot.org/uniprot/#{histone.accessionNumber}"" target=""_blank"">P84228</a>",Histone H3.2,Mus musculus,"Male C57BL/6J mouse, liver",2,2017-06-05,veit,R17me2K27me2,0.02335867,0,https://www.ebi.ac.uk/pride/archive/projects/PXD005300,ARTKQTARKSTGGKAPRKQLATKAARKSAPATGGVKKPHRYRPGTVALRE,CrDB000105,"Middle-down proteomics on mouse tissues demonstrates that H3.3 accumulates to near saturation levels in the chromatin of various somatic mouse tissues by late adulthood. Accumulation of H3.3 is associated with profound changes in genome-wide levels of both individual and
combinatorial H3 modifications.",K4unK9unK14unK18unK23unK36unR8unR26unR17me2K27me2
,"<a href=""http://www.uniprot.org/uniprot/#{histone.accessionNumber}"" target=""_blank"">P84228</a>",Histone H3.2,Mus musculus,"Male C57BL/6J mouse, liver",3,2017-06-05,veit,K9me1K14me1K27me2,0.01651674,0,https://www.ebi.ac.uk/pride/archive/projects/PXD005300,ARTKQTARKSTGGKAPRKQLATKAARKSAPATGGVKKPHRYRPGTVALRE,CrDB000105,"Middle-down proteomics on mouse tissues demonstrates that H3.3 accumulates to near saturation levels in the chromatin of various somatic mouse tissues by late adulthood. Accumulation of H3.3 is associated with profound changes in genome-wide levels of both individual and
combinatorial H3 modifications.",K4unK18unK23unK36unR8unR17unR26unK9me1K14me1K27me2
,"<a href=""http://www.uniprot.org/uniprot/#{histone.accessionNumber}"" target=""_blank"">P84228</a>",Histone H3.2,Mus musculus,"Male C57BL/6J mouse, liver",3,2017-06-05,veit,K14me1R17me1K27me2,0.00625858,0,https://www.ebi.ac.uk/pride/archive/projects/PXD005300,ARTKQTARKSTGGKAPRKQLATKAARKSAPATGGVKKPHRYRPGTVALRE,CrDB000105,"Middle-down proteomics on mouse tissues demonstrates that H3.3 accumulates to near saturation levels in the chromatin of various somatic mouse tissues by late adulthood. Accumulation of H3.3 is associated with profound changes in genome-wide levels of both individual and
combinatorial H3 modifications.",K4unK9unK18unK23unK36unR8unR26unK14me1R17me1K27me2
,"<a href=""http://www.uniprot.org/uniprot/#{histone.accessionNumber}"" target=""_blank"">P84228</a>",Histone H3.2,Mus musculus,"Male C57BL/6J mouse, liver",3,2017-06-05,veit,K9me1R17me1K27me2,0.00057063,0,https://www.ebi.ac.uk/pride/archive/projects/PXD005300,ARTKQTARKSTGGKAPRKQLATKAARKSAPATGGVKKPHRYRPGTVALRE,CrDB000105,"Middle-down proteomics on mouse tissues demonstrates that H3.3 accumulates to near saturation levels in the chromatin of various somatic mouse tissues by late adulthood. Accumulation of H3.3 is associated with profound changes in genome-wide levels of both individual and
combinatorial H3 modifications.",K4unK14unK18unK23unK36unR8unR26unK9me1R17me1K27me2
,"<a href=""http://www.uniprot.org/uniprot/#{histone.accessionNumber}"" target=""_blank"">P84228</a>",Histone H3.2,Mus musculus,"Male C57BL/6J mouse, liver",3,2017-06-05,veit,R8me1K9me1K27me2,0.00761388,0,https://www.ebi.ac.uk/pride/archive/projects/PXD005300,ARTKQTARKSTGGKAPRKQLATKAARKSAPATGGVKKPHRYRPGTVALRE,CrDB000105,"Middle-down proteomics on mouse tissues demonstrates that H3.3 accumulates to near saturation levels in the chromatin of various somatic mouse tissues by late adulthood. Accumulation of H3.3 is associated with profound changes in genome-wide levels of both individual and
combinatorial H3 modifications.",K4unK14unK18unK23unK36unR17unR26unR8me1K9me1K27me2
,"<a href=""http://www.uniprot.org/uniprot/#{histone.accessionNumber}"" target=""_blank"">P84228</a>",Histone H3.2,Mus musculus,"Male C57BL/6J mouse, liver",3,2017-06-05,veit,K9me2R26me1K27me1,0.00617305,0,https://www.ebi.ac.uk/pride/archive/projects/PXD005300,ARTKQTARKSTGGKAPRKQLATKAARKSAPATGGVKKPHRYRPGTVALRE,CrDB000105,"Middle-down proteomics on mouse tissues demonstrates that H3.3 accumulates to near saturation levels in the chromatin of various somatic mouse tissues by late adulthood. Accumulation of H3.3 is associated with profound changes in genome-wide levels of both individual and
combinatorial H3 modifications.",K4unK14unK18unK23unK36unR8unR17unK9me2R26me1K27me1
,"<a href=""http://www.uniprot.org/uniprot/#{histone.accessionNumber}"" target=""_blank"">P84228</a>",Histone H3.2,Mus musculus,"Male C57BL/6J mouse, liver",3,2017-06-05,veit,R17me1K18me1K27me2,0.00084689,0,https://www.ebi.ac.uk/pride/archive/projects/PXD005300,ARTKQTARKSTGGKAPRKQLATKAARKSAPATGGVKKPHRYRPGTVALRE,CrDB000105,"Middle-down proteomics on mouse tissues demonstrates that H3.3 accumulates to near saturation levels in the chromatin of various somatic mouse tissues by late adulthood. Accumulation of H3.3 is associated with profound changes in genome-wide levels of both individual and
combinatorial H3 modifications.",K4unK9unK14unK23unK36unR8unR26unR17me1K18me1K27me2
,"<a href=""http://www.uniprot.org/uniprot/#{histone.accessionNumber}"" target=""_blank"">P84244</a>",Histone H3.3,Mus musculus,"Male C57BL/6J mouse, liver",1,2017-06-05,veit,K36me3,0.00480466,0,https://www.ebi.ac.uk/pride/archive/projects/PXD005300,ARTKQTARKSTGGKAPRKQLATKAARKSAPSTGGVKKPHRYRPGTVALRE,CrDB000105,"Middle-down proteomics on mouse tissues demonstrates that H3.3 accumulates to near saturation levels in the chromatin of various somatic mouse tissues by late adulthood. Accumulation of H3.3 is associated with profound changes in genome-wide levels of both individual and
combinatorial H3 modifications.",K4unK9unK14unK18unK23unK27unR8unR17unR26unK36me3
,"<a href=""http://www.uniprot.org/uniprot/#{histone.accessionNumber}"" target=""_blank"">P84244</a>",Histone H3.3,Mus musculus,"Male C57BL/6J mouse, liver",1,2017-06-05,veit,K27me3,0.03144455,0,https://www.ebi.ac.uk/pride/archive/projects/PXD005300,ARTKQTARKSTGGKAPRKQLATKAARKSAPSTGGVKKPHRYRPGTVALRE,CrDB000105,"Middle-down proteomics on mouse tissues demonstrates that H3.3 accumulates to near saturation levels in the chromatin of various somatic mouse tissues by late adulthood. Accumulation of H3.3 is associated with profound changes in genome-wide levels of both individual and
combinatorial H3 modifications.",K4unK9unK14unK18unK23unK36unR8unR17unR26unK27me3
,"<a href=""http://www.uniprot.org/uniprot/#{histone.accessionNumber}"" target=""_blank"">P84244</a>",Histone H3.3,Mus musculus,"Male C57BL/6J mouse, liver",2,2017-06-05,veit,K27me2K36me1,0.03079568,0,https://www.ebi.ac.uk/pride/archive/projects/PXD005300,ARTKQTARKSTGGKAPRKQLATKAARKSAPSTGGVKKPHRYRPGTVALRE,CrDB000105,"Middle-down proteomics on mouse tissues demonstrates that H3.3 accumulates to near saturation levels in the chromatin of various somatic mouse tissues by late adulthood. Accumulation of H3.3 is associated with profound changes in genome-wide levels of both individual and
combinatorial H3 modifications.",K4unK9unK14unK18unK23unR8unR17unR26unK27me2K36me1
,"<a href=""http://www.uniprot.org/uniprot/#{histone.accessionNumber}"" target=""_blank"">P84244</a>",Histone H3.3,Mus musculus,"Male C57BL/6J mouse, liver",2,2017-06-05,veit,K27me1K36me2,0.00183706,0,https://www.ebi.ac.uk/pride/archive/projects/PXD005300,ARTKQTARKSTGGKAPRKQLATKAARKSAPSTGGVKKPHRYRPGTVALRE,CrDB000105,"Middle-down proteomics on mouse tissues demonstrates that H3.3 accumulates to near saturation levels in the chromatin of various somatic mouse tissues by late adulthood. Accumulation of H3.3 is associated with profound changes in genome-wide levels of both individual and
combinatorial H3 modifications.",K4unK9unK14unK18unK23unR8unR17unR26unK27me1K36me2
,"<a href=""http://www.uniprot.org/uniprot/#{histone.accessionNumber}"" target=""_blank"">P84244</a>",Histone H3.3,Mus musculus,"Male C57BL/6J mouse, liver",1,2017-06-05,veit,K27ac,0.00388632,0,https://www.ebi.ac.uk/pride/archive/projects/PXD005300,ARTKQTARKSTGGKAPRKQLATKAARKSAPSTGGVKKPHRYRPGTVALRE,CrDB000105,"Middle-down proteomics on mouse tissues demonstrates that H3.3 accumulates to near saturation levels in the chromatin of various somatic mouse tissues by late adulthood. Accumulation of H3.3 is associated with profound changes in genome-wide levels of both individual and
combinatorial H3 modifications.",K4unK9unK14unK18unK23unK36unR8unR17unR26unK27ac
,"<a href=""http://www.uniprot.org/uniprot/#{histone.accessionNumber}"" target=""_blank"">P84244</a>",Histone H3.3,Mus musculus,"Male C57BL/6J mouse, liver",3,2017-06-05,veit,R26me1K27me1K36me1,0.00016927,0,https://www.ebi.ac.uk/pride/archive/projects/PXD005300,ARTKQTARKSTGGKAPRKQLATKAARKSAPSTGGVKKPHRYRPGTVALRE,CrDB000105,"Middle-down proteomics on mouse tissues demonstrates that H3.3 accumulates to near saturation levels in the chromatin of various somatic mouse tissues by late adulthood. Accumulation of H3.3 is associated with profound changes in genome-wide levels of both individual and
combinatorial H3 modifications.",K4unK9unK14unK18unK23unR8unR17unR26me1K27me1K36me1
,"<a href=""http://www.uniprot.org/uniprot/#{histone.accessionNumber}"" target=""_blank"">P84244</a>",Histone H3.3,Mus musculus,"Male C57BL/6J mouse, liver",2,2017-06-05,veit,R26me1K27me2,0.00017737,0,https://www.ebi.ac.uk/pride/archive/projects/PXD005300,ARTKQTARKSTGGKAPRKQLATKAARKSAPSTGGVKKPHRYRPGTVALRE,CrDB000105,"Middle-down proteomics on mouse tissues demonstrates that H3.3 accumulates to near saturation levels in the chromatin of various somatic mouse tissues by late adulthood. Accumulation of H3.3 is associated with profound changes in genome-wide levels of both individual and
combinatorial H3 modifications.",K4unK9unK14unK18unK23unK36unR8unR17unR26me1K27me2
,"<a href=""http://www.uniprot.org/uniprot/#{histone.accessionNumber}"" target=""_blank"">P84244</a>",Histone H3.3,Mus musculus,"Male C57BL/6J mouse, liver",2,2017-06-05,veit,K9me2K36me1,0.00068525,0,https://www.ebi.ac.uk/pride/archive/projects/PXD005300,ARTKQTARKSTGGKAPRKQLATKAARKSAPSTGGVKKPHRYRPGTVALRE,CrDB000105,"Middle-down proteomics on mouse tissues demonstrates that H3.3 accumulates to near saturation levels in the chromatin of various somatic mouse tissues by late adulthood. Accumulation of H3.3 is associated with profound changes in genome-wide levels of both individual and
combinatorial H3 modifications.",K4unK14unK18unK23unK27unR8unR17unR26unK9me2K36me1
,"<a href=""http://www.uniprot.org/uniprot/#{histone.accessionNumber}"" target=""_blank"">P84228</a>",Histone H3.2,Mus musculus,"Male C57BL/6J mouse, liver",2,2017-06-05,veit,K14me2K27me3,0.00527307,0,https://www.ebi.ac.uk/pride/archive/projects/PXD005300,ARTKQTARKSTGGKAPRKQLATKAARKSAPATGGVKKPHRYRPGTVALRE,CrDB000105,"Middle-down proteomics on mouse tissues demonstrates that H3.3 accumulates to near saturation levels in the chromatin of various somatic mouse tissues by late adulthood. Accumulation of H3.3 is associated with profound changes in genome-wide levels of both individual and
combinatorial H3 modifications.",K4unK9unK18unK23unK36unR8unR17unR26unK14me2K27me3
,"<a href=""http://www.uniprot.org/uniprot/#{histone.accessionNumber}"" target=""_blank"">P84228</a>",Histone H3.2,Mus musculus,"Male C57BL/6J mouse, liver",2,2017-06-05,veit,K9me2K27me3,0.11792539,0,https://www.ebi.ac.uk/pride/archive/projects/PXD005300,ARTKQTARKSTGGKAPRKQLATKAARKSAPATGGVKKPHRYRPGTVALRE,CrDB000105,"Middle-down proteomics on mouse tissues demonstrates that H3.3 accumulates to near saturation levels in the chromatin of various somatic mouse tissues by late adulthood. Accumulation of H3.3 is associated with profound changes in genome-wide levels of both individual and
combinatorial H3 modifications.",K4unK14unK18unK23unK36unR8unR17unR26unK9me2K27me3
,"<a href=""http://www.uniprot.org/uniprot/#{histone.accessionNumber}"" target=""_blank"">P84228</a>",Histone H3.2,Mus musculus,"Male C57BL/6J mouse, liver",3,2017-06-05,veit,K9me1K14me1K27me3,0.00460841,0,https://www.ebi.ac.uk/pride/archive/projects/PXD005300,ARTKQTARKSTGGKAPRKQLATKAARKSAPATGGVKKPHRYRPGTVALRE,CrDB000105,"Middle-down proteomics on mouse tissues demonstrates that H3.3 accumulates to near saturation levels in the chromatin of various somatic mouse tissues by late adulthood. Accumulation of H3.3 is associated with profound changes in genome-wide levels of both individual and
combinatorial H3 modifications.",K4unK18unK23unK36unR8unR17unR26unK9me1K14me1K27me3
,"<a href=""http://www.uniprot.org/uniprot/#{histone.accessionNumber}"" target=""_blank"">P84228</a>",Histone H3.2,Mus musculus,"Male C57BL/6J mouse, liver",4,2017-06-05,veit,K9me1K14me1R26me1K27me2,0.00189581,0,https://www.ebi.ac.uk/pride/archive/projects/PXD005300,ARTKQTARKSTGGKAPRKQLATKAARKSAPATGGVKKPHRYRPGTVALRE,CrDB000105,"Middle-down proteomics on mouse tissues demonstrates that H3.3 accumulates to near saturation levels in the chromatin of various somatic mouse tissues by late adulthood. Accumulation of H3.3 is associated with profound changes in genome-wide levels of both individual and
combinatorial H3 modifications.",K4unK18unK23unK36unR8unR17unK9me1K14me1R26me1K27me2
,"<a href=""http://www.uniprot.org/uniprot/#{histone.accessionNumber}"" target=""_blank"">P84228</a>",Histone H3.2,Mus musculus,"Male C57BL/6J mouse, liver",2,2017-06-05,veit,K9me3K36me2,0.00044163,0,https://www.ebi.ac.uk/pride/archive/projects/PXD005300,ARTKQTARKSTGGKAPRKQLATKAARKSAPATGGVKKPHRYRPGTVALRE,CrDB000105,"Middle-down proteomics on mouse tissues demonstrates that H3.3 accumulates to near saturation levels in the chromatin of various somatic mouse tissues by late adulthood. Accumulation of H3.3 is associated with profound changes in genome-wide levels of both individual and
combinatorial H3 modifications.",K4unK14unK18unK23unK27unR8unR17unR26unK9me3K36me2
,"<a href=""http://www.uniprot.org/uniprot/#{histone.accessionNumber}"" target=""_blank"">P84228</a>",Histone H3.2,Mus musculus,"Male C57BL/6J mouse, liver",2,2017-06-05,veit,K9me3K27me2,0.03076997,0,https://www.ebi.ac.uk/pride/archive/projects/PXD005300,ARTKQTARKSTGGKAPRKQLATKAARKSAPATGGVKKPHRYRPGTVALRE,CrDB000105,"Middle-down proteomics on mouse tissues demonstrates that H3.3 accumulates to near saturation levels in the chromatin of various somatic mouse tissues by late adulthood. Accumulation of H3.3 is associated with profound changes in genome-wide levels of both individual and
combinatorial H3 modifications.",K4unK14unK18unK23unK36unR8unR17unR26unK9me3K27me2
,"<a href=""http://www.uniprot.org/uniprot/#{histone.accessionNumber}"" target=""_blank"">P84228</a>",Histone H3.2,Mus musculus,"Male C57BL/6J mouse, liver",4,2017-06-05,veit,K9me2R26me1K27me1K36me1,0.02092459,0,https://www.ebi.ac.uk/pride/archive/projects/PXD005300,ARTKQTARKSTGGKAPRKQLATKAARKSAPATGGVKKPHRYRPGTVALRE,CrDB000105,"Middle-down proteomics on mouse tissues demonstrates that H3.3 accumulates to near saturation levels in the chromatin of various somatic mouse tissues by late adulthood. Accumulation of H3.3 is associated with profound changes in genome-wide levels of both individual and
combinatorial H3 modifications.",K4unK14unK18unK23unR8unR17unK9me2R26me1K27me1K36me1
,"<a href=""http://www.uniprot.org/uniprot/#{histone.accessionNumber}"" target=""_blank"">P84228</a>",Histone H3.2,Mus musculus,"Male C57BL/6J mouse, liver",3,2017-06-05,veit,R8me1K9me1K27me3,0.00145368,0,https://www.ebi.ac.uk/pride/archive/projects/PXD005300,ARTKQTARKSTGGKAPRKQLATKAARKSAPATGGVKKPHRYRPGTVALRE,CrDB000105,"Middle-down proteomics on mouse tissues demonstrates that H3.3 accumulates to near saturation levels in the chromatin of various somatic mouse tissues by late adulthood. Accumulation of H3.3 is associated with profound changes in genome-wide levels of both individual and
combinatorial H3 modifications.",K4unK14unK18unK23unK36unR17unR26unR8me1K9me1K27me3
,"<a href=""http://www.uniprot.org/uniprot/#{histone.accessionNumber}"" target=""_blank"">P84228</a>",Histone H3.2,Mus musculus,"Male C57BL/6J mouse, liver",2,2017-06-05,veit,K9me2K27ac,0.00294141,0,https://www.ebi.ac.uk/pride/archive/projects/PXD005300,ARTKQTARKSTGGKAPRKQLATKAARKSAPATGGVKKPHRYRPGTVALRE,CrDB000105,"Middle-down proteomics on mouse tissues demonstrates that H3.3 accumulates to near saturation levels in the chromatin of various somatic mouse tissues by late adulthood. Accumulation of H3.3 is associated with profound changes in genome-wide levels of both individual and
combinatorial H3 modifications.",K4unK14unK18unK23unK36unR8unR17unR26unK9me2K27ac
,"<a href=""http://www.uniprot.org/uniprot/#{histone.accessionNumber}"" target=""_blank"">P84228</a>",Histone H3.2,Mus musculus,"Male C57BL/6J mouse, liver",4,2017-06-05,veit,K9me1K14me1K18me1K27me2,0.00134109,0,https://www.ebi.ac.uk/pride/archive/projects/PXD005300,ARTKQTARKSTGGKAPRKQLATKAARKSAPATGGVKKPHRYRPGTVALRE,CrDB000105,"Middle-down proteomics on mouse tissues demonstrates that H3.3 accumulates to near saturation levels in the chromatin of various somatic mouse tissues by late adulthood. Accumulation of H3.3 is associated with profound changes in genome-wide levels of both individual and
combinatorial H3 modifications.",K4unK23unK36unR8unR17unR26unK9me1K14me1K18me1K27me2
,"<a href=""http://www.uniprot.org/uniprot/#{histone.accessionNumber}"" target=""_blank"">P84228</a>",Histone H3.2,Mus musculus,"Male C57BL/6J mouse, liver",2,2017-06-05,veit,R17me2K27me3,8.191e-05,0,https://www.ebi.ac.uk/pride/archive/projects/PXD005300,ARTKQTARKSTGGKAPRKQLATKAARKSAPATGGVKKPHRYRPGTVALRE,CrDB000105,"Middle-down proteomics on mouse tissues demonstrates that H3.3 accumulates to near saturation levels in the chromatin of various somatic mouse tissues by late adulthood. Accumulation of H3.3 is associated with profound changes in genome-wide levels of both individual and
combinatorial H3 modifications.",K4unK9unK14unK18unK23unK36unR8unR26unR17me2K27me3
,"<a href=""http://www.uniprot.org/uniprot/#{histone.accessionNumber}"" target=""_blank"">P84228</a>",Histone H3.2,Mus musculus,"Male C57BL/6J mouse, liver",2,2017-06-05,veit,K14me3K27me2,0.00380906,0,https://www.ebi.ac.uk/pride/archive/projects/PXD005300,ARTKQTARKSTGGKAPRKQLATKAARKSAPATGGVKKPHRYRPGTVALRE,CrDB000105,"Middle-down proteomics on mouse tissues demonstrates that H3.3 accumulates to near saturation levels in the chromatin of various somatic mouse tissues by late adulthood. Accumulation of H3.3 is associated with profound changes in genome-wide levels of both individual and
combinatorial H3 modifications.",K4unK9unK18unK23unK36unR8unR17unR26unK14me3K27me2
,"<a href=""http://www.uniprot.org/uniprot/#{histone.accessionNumber}"" target=""_blank"">P84228</a>",Histone H3.2,Mus musculus,"Male C57BL/6J mouse, liver",3,2017-06-05,veit,K14me1R17me1K27me3,0.00047183,0,https://www.ebi.ac.uk/pride/archive/projects/PXD005300,ARTKQTARKSTGGKAPRKQLATKAARKSAPATGGVKKPHRYRPGTVALRE,CrDB000105,"Middle-down proteomics on mouse tissues demonstrates that H3.3 accumulates to near saturation levels in the chromatin of various somatic mouse tissues by late adulthood. Accumulation of H3.3 is associated with profound changes in genome-wide levels of both individual and
combinatorial H3 modifications.",K4unK9unK18unK23unK36unR8unR26unK14me1R17me1K27me3
,"<a href=""http://www.uniprot.org/uniprot/#{histone.accessionNumber}"" target=""_blank"">P84228</a>",Histone H3.2,Mus musculus,"Male C57BL/6J mouse, liver",4,2017-06-05,veit,K14me1K18me1R26me1K27me2,0.00018804,0,https://www.ebi.ac.uk/pride/archive/projects/PXD005300,ARTKQTARKSTGGKAPRKQLATKAARKSAPATGGVKKPHRYRPGTVALRE,CrDB000105,"Middle-down proteomics on mouse tissues demonstrates that H3.3 accumulates to near saturation levels in the chromatin of various somatic mouse tissues by late adulthood. Accumulation of H3.3 is associated with profound changes in genome-wide levels of both individual and
combinatorial H3 modifications.",K4unK9unK23unK36unR8unR17unK14me1K18me1R26me1K27me2
,"<a href=""http://www.uniprot.org/uniprot/#{histone.accessionNumber}"" target=""_blank"">P84244</a>",Histone H3.3,Mus musculus,"Male C57BL/6J mouse, liver",3,2017-06-05,veit,R26me1K27me1K36me2,0.00474115,0,https://www.ebi.ac.uk/pride/archive/projects/PXD005300,ARTKQTARKSTGGKAPRKQLATKAARKSAPSTGGVKKPHRYRPGTVALRE,CrDB000105,"Middle-down proteomics on mouse tissues demonstrates that H3.3 accumulates to near saturation levels in the chromatin of various somatic mouse tissues by late adulthood. Accumulation of H3.3 is associated with profound changes in genome-wide levels of both individual and
combinatorial H3 modifications.",K4unK9unK14unK18unK23unR8unR17unR26me1K27me1K36me2
,"<a href=""http://www.uniprot.org/uniprot/#{histone.accessionNumber}"" target=""_blank"">P84244</a>",Histone H3.3,Mus musculus,"Male C57BL/6J mouse, liver",2,2017-06-05,veit,K27me2K36me2,0.10561355,0,https://www.ebi.ac.uk/pride/archive/projects/PXD005300,ARTKQTARKSTGGKAPRKQLATKAARKSAPSTGGVKKPHRYRPGTVALRE,CrDB000105,"Middle-down proteomics on mouse tissues demonstrates that H3.3 accumulates to near saturation levels in the chromatin of various somatic mouse tissues by late adulthood. Accumulation of H3.3 is associated with profound changes in genome-wide levels of both individual and
combinatorial H3 modifications.",K4unK9unK14unK18unK23unR8unR17unR26unK27me2K36me2
,"<a href=""http://www.uniprot.org/uniprot/#{histone.accessionNumber}"" target=""_blank"">P84244</a>",Histone H3.3,Mus musculus,"Male C57BL/6J mouse, liver",2,2017-06-05,veit,R26me2K36me2,0.00679089,0,https://www.ebi.ac.uk/pride/archive/projects/PXD005300,ARTKQTARKSTGGKAPRKQLATKAARKSAPSTGGVKKPHRYRPGTVALRE,CrDB000105,"Middle-down proteomics on mouse tissues demonstrates that H3.3 accumulates to near saturation levels in the chromatin of various somatic mouse tissues by late adulthood. Accumulation of H3.3 is associated with profound changes in genome-wide levels of both individual and
combinatorial H3 modifications.",K4unK9unK14unK18unK23unK27unR8unR17unR26me2K36me2
,"<a href=""http://www.uniprot.org/uniprot/#{histone.accessionNumber}"" target=""_blank"">P84244</a>",Histone H3.3,Mus musculus,"Male C57BL/6J mouse, liver",2,2017-06-05,veit,R26me1K27me3,0.00061346,0,https://www.ebi.ac.uk/pride/archive/projects/PXD005300,ARTKQTARKSTGGKAPRKQLATKAARKSAPSTGGVKKPHRYRPGTVALRE,CrDB000105,"Middle-down proteomics on mouse tissues demonstrates that H3.3 accumulates to near saturation levels in the chromatin of various somatic mouse tissues by late adulthood. Accumulation of H3.3 is associated with profound changes in genome-wide levels of both individual and
combinatorial H3 modifications.",K4unK9unK14unK18unK23unK36unR8unR17unR26me1K27me3
,"<a href=""http://www.uniprot.org/uniprot/#{histone.accessionNumber}"" target=""_blank"">P84244</a>",Histone H3.3,Mus musculus,"Male C57BL/6J mouse, liver",2,2017-06-05,veit,K27me3K36me1,0.00321245,0,https://www.ebi.ac.uk/pride/archive/projects/PXD005300,ARTKQTARKSTGGKAPRKQLATKAARKSAPSTGGVKKPHRYRPGTVALRE,CrDB000105,"Middle-down proteomics on mouse tissues demonstrates that H3.3 accumulates to near saturation levels in the chromatin of various somatic mouse tissues by late adulthood. Accumulation of H3.3 is associated with profound changes in genome-wide levels of both individual and
combinatorial H3 modifications.",K4unK9unK14unK18unK23unR8unR17unR26unK27me3K36me1
,"<a href=""http://www.uniprot.org/uniprot/#{histone.accessionNumber}"" target=""_blank"">P84244</a>",Histone H3.3,Mus musculus,"Male C57BL/6J mouse, liver",2,2017-06-05,veit,K9me3K36me1,0.00480361,0,https://www.ebi.ac.uk/pride/archive/projects/PXD005300,ARTKQTARKSTGGKAPRKQLATKAARKSAPSTGGVKKPHRYRPGTVALRE,CrDB000105,"Middle-down proteomics on mouse tissues demonstrates that H3.3 accumulates to near saturation levels in the chromatin of various somatic mouse tissues by late adulthood. Accumulation of H3.3 is associated with profound changes in genome-wide levels of both individual and
combinatorial H3 modifications.",K4unK14unK18unK23unK27unR8unR17unR26unK9me3K36me1
,"<a href=""http://www.uniprot.org/uniprot/#{histone.accessionNumber}"" target=""_blank"">P84244</a>",Histone H3.3,Mus musculus,"Male C57BL/6J mouse, liver",3,2017-06-05,veit,K14me2R17me1K36me1,0.00048923,0,https://www.ebi.ac.uk/pride/archive/projects/PXD005300,ARTKQTARKSTGGKAPRKQLATKAARKSAPSTGGVKKPHRYRPGTVALRE,CrDB000105,"Middle-down proteomics on mouse tissues demonstrates that H3.3 accumulates to near saturation levels in the chromatin of various somatic mouse tissues by late adulthood. Accumulation of H3.3 is associated with profound changes in genome-wide levels of both individual and
combinatorial H3 modifications.",K4unK9unK18unK23unK27unR8unR26unK14me2R17me1K36me1
,"<a href=""http://www.uniprot.org/uniprot/#{histone.accessionNumber}"" target=""_blank"">P84228</a>",Histone H3.2,Mus musculus,"Male C57BL/6J mouse, liver",2,2017-06-05,veit,K14acK27me3,0.00055246,0,https://www.ebi.ac.uk/pride/archive/projects/PXD005300,ARTKQTARKSTGGKAPRKQLATKAARKSAPATGGVKKPHRYRPGTVALRE,CrDB000105,"Middle-down proteomics on mouse tissues demonstrates that H3.3 accumulates to near saturation levels in the chromatin of various somatic mouse tissues by late adulthood. Accumulation of H3.3 is associated with profound changes in genome-wide levels of both individual and
combinatorial H3 modifications.",K4unK9unK18unK23unK36unR8unR17unR26unK14acK27me3
,"<a href=""http://www.uniprot.org/uniprot/#{histone.accessionNumber}"" target=""_blank"">P84228</a>",Histone H3.2,Mus musculus,"Male C57BL/6J mouse, liver",3,2017-06-05,veit,K14acR26me1K27me2,6.287e-05,0,https://www.ebi.ac.uk/pride/archive/projects/PXD005300,ARTKQTARKSTGGKAPRKQLATKAARKSAPATGGVKKPHRYRPGTVALRE,CrDB000105,"Middle-down proteomics on mouse tissues demonstrates that H3.3 accumulates to near saturation levels in the chromatin of various somatic mouse tissues by late adulthood. Accumulation of H3.3 is associated with profound changes in genome-wide levels of both individual and
combinatorial H3 modifications.",K4unK9unK18unK23unK36unR8unR17unK14acR26me1K27me2
,"<a href=""http://www.uniprot.org/uniprot/#{histone.accessionNumber}"" target=""_blank"">P84228</a>",Histone H3.2,Mus musculus,"Male C57BL/6J mouse, liver",3,2017-06-05,veit,K9me2K27acK36me1,0.01920544,0,https://www.ebi.ac.uk/pride/archive/projects/PXD005300,ARTKQTARKSTGGKAPRKQLATKAARKSAPATGGVKKPHRYRPGTVALRE,CrDB000105,"Middle-down proteomics on mouse tissues demonstrates that H3.3 accumulates to near saturation levels in the chromatin of various somatic mouse tissues by late adulthood. Accumulation of H3.3 is associated with profound changes in genome-wide levels of both individual and
combinatorial H3 modifications.",K4unK14unK18unK23unR8unR17unR26unK9me2K27acK36me1
,"<a href=""http://www.uniprot.org/uniprot/#{histone.accessionNumber}"" target=""_blank"">P84228</a>",Histone H3.2,Mus musculus,"Male C57BL/6J mouse, liver",3,2017-06-05,veit,K9me2R26me1K27me3,0.00849743,0,https://www.ebi.ac.uk/pride/archive/projects/PXD005300,ARTKQTARKSTGGKAPRKQLATKAARKSAPATGGVKKPHRYRPGTVALRE,CrDB000105,"Middle-down proteomics on mouse tissues demonstrates that H3.3 accumulates to near saturation levels in the chromatin of various somatic mouse tissues by late adulthood. Accumulation of H3.3 is associated with profound changes in genome-wide levels of both individual and
combinatorial H3 modifications.",K4unK14unK18unK23unK36unR8unR17unK9me2R26me1K27me3
,"<a href=""http://www.uniprot.org/uniprot/#{histone.accessionNumber}"" target=""_blank"">P84228</a>",Histone H3.2,Mus musculus,"Male C57BL/6J mouse, liver",4,2017-06-05,veit,R8me1K9me1K27me2K36me2,0.00888727,0,https://www.ebi.ac.uk/pride/archive/projects/PXD005300,ARTKQTARKSTGGKAPRKQLATKAARKSAPATGGVKKPHRYRPGTVALRE,CrDB000105,"Middle-down proteomics on mouse tissues demonstrates that H3.3 accumulates to near saturation levels in the chromatin of various somatic mouse tissues by late adulthood. Accumulation of H3.3 is associated with profound changes in genome-wide levels of both individual and
combinatorial H3 modifications.",K4unK14unK18unK23unR17unR26unR8me1K9me1K27me2K36me2
,"<a href=""http://www.uniprot.org/uniprot/#{histone.accessionNumber}"" target=""_blank"">P84228</a>",Histone H3.2,Mus musculus,"Male C57BL/6J mouse, liver",3,2017-06-05,veit,K9me2K27me1K36me3,0.00370714,0,https://www.ebi.ac.uk/pride/archive/projects/PXD005300,ARTKQTARKSTGGKAPRKQLATKAARKSAPATGGVKKPHRYRPGTVALRE,CrDB000105,"Middle-down proteomics on mouse tissues demonstrates that H3.3 accumulates to near saturation levels in the chromatin of various somatic mouse tissues by late adulthood. Accumulation of H3.3 is associated with profound changes in genome-wide levels of both individual and
combinatorial H3 modifications.",K4unK14unK18unK23unR8unR17unR26unK9me2K27me1K36me3
,"<a href=""http://www.uniprot.org/uniprot/#{histone.accessionNumber}"" target=""_blank"">P84228</a>",Histone H3.2,Mus musculus,"Male C57BL/6J mouse, liver",4,2017-06-05,veit,K9me1K14me1K27me2K36me2,0.00951413,0,https://www.ebi.ac.uk/pride/archive/projects/PXD005300,ARTKQTARKSTGGKAPRKQLATKAARKSAPATGGVKKPHRYRPGTVALRE,CrDB000105,"Middle-down proteomics on mouse tissues demonstrates that H3.3 accumulates to near saturation levels in the chromatin of various somatic mouse tissues by late adulthood. Accumulation of H3.3 is associated with profound changes in genome-wide levels of both individual and
combinatorial H3 modifications.",K4unK18unK23unR8unR17unR26unK9me1K14me1K27me2K36me2
,"<a href=""http://www.uniprot.org/uniprot/#{histone.accessionNumber}"" target=""_blank"">P84228</a>",Histone H3.2,Mus musculus,"Male C57BL/6J mouse, liver",3,2017-06-05,veit,K9me2R26me1K36me3,0.00184279,0,https://www.ebi.ac.uk/pride/archive/projects/PXD005300,ARTKQTARKSTGGKAPRKQLATKAARKSAPATGGVKKPHRYRPGTVALRE,CrDB000105,"Middle-down proteomics on mouse tissues demonstrates that H3.3 accumulates to near saturation levels in the chromatin of various somatic mouse tissues by late adulthood. Accumulation of H3.3 is associated with profound changes in genome-wide levels of both individual and
combinatorial H3 modifications.",K4unK14unK18unK23unK27unR8unR17unK9me2R26me1K36me3
,"<a href=""http://www.uniprot.org/uniprot/#{histone.accessionNumber}"" target=""_blank"">P84244</a>",Histone H3.3,Mus musculus,"Male C57BL/6J mouse, liver",2,2017-06-05,veit,K23acK36me2,0.00112999,0,https://www.ebi.ac.uk/pride/archive/projects/PXD005300,ARTKQTARKSTGGKAPRKQLATKAARKSAPSTGGVKKPHRYRPGTVALRE,CrDB000105,"Middle-down proteomics on mouse tissues demonstrates that H3.3 accumulates to near saturation levels in the chromatin of various somatic mouse tissues by late adulthood. Accumulation of H3.3 is associated with profound changes in genome-wide levels of both individual and
combinatorial H3 modifications.",K4unK9unK14unK18unK27unR8unR17unR26unK23acK36me2
,"<a href=""http://www.uniprot.org/uniprot/#{histone.accessionNumber}"" target=""_blank"">P84244</a>",Histone H3.3,Mus musculus,"Male C57BL/6J mouse, liver",2,2017-06-05,veit,K23acK27me2,0.00277997,0,https://www.ebi.ac.uk/pride/archive/projects/PXD005300,ARTKQTARKSTGGKAPRKQLATKAARKSAPSTGGVKKPHRYRPGTVALRE,CrDB000105,"Middle-down proteomics on mouse tissues demonstrates that H3.3 accumulates to near saturation levels in the chromatin of various somatic mouse tissues by late adulthood. Accumulation of H3.3 is associated with profound changes in genome-wide levels of both individual and
combinatorial H3 modifications.",K4unK9unK14unK18unK36unR8unR17unR26unK23acK27me2
,"<a href=""http://www.uniprot.org/uniprot/#{histone.accessionNumber}"" target=""_blank"">P84244</a>",Histone H3.3,Mus musculus,"Male C57BL/6J mouse, liver",2,2017-06-05,veit,K27me3K36me2,0.00212398,0,https://www.ebi.ac.uk/pride/archive/projects/PXD005300,ARTKQTARKSTGGKAPRKQLATKAARKSAPSTGGVKKPHRYRPGTVALRE,CrDB000105,"Middle-down proteomics on mouse tissues demonstrates that H3.3 accumulates to near saturation levels in the chromatin of various somatic mouse tissues by late adulthood. Accumulation of H3.3 is associated with profound changes in genome-wide levels of both individual and
combinatorial H3 modifications.",K4unK9unK14unK18unK23unR8unR17unR26unK27me3K36me2
,"<a href=""http://www.uniprot.org/uniprot/#{histone.accessionNumber}"" target=""_blank"">P84244</a>",Histone H3.3,Mus musculus,"Male C57BL/6J mouse, liver",2,2017-06-05,veit,K27me2K36me3,0.00349261,0,https://www.ebi.ac.uk/pride/archive/projects/PXD005300,ARTKQTARKSTGGKAPRKQLATKAARKSAPSTGGVKKPHRYRPGTVALRE,CrDB000105,"Middle-down proteomics on mouse tissues demonstrates that H3.3 accumulates to near saturation levels in the chromatin of various somatic mouse tissues by late adulthood. Accumulation of H3.3 is associated with profound changes in genome-wide levels of both individual and
combinatorial H3 modifications.",K4unK9unK14unK18unK23unR8unR17unR26unK27me2K36me3
,"<a href=""http://www.uniprot.org/uniprot/#{histone.accessionNumber}"" target=""_blank"">P84244</a>",Histone H3.3,Mus musculus,"Male C57BL/6J mouse, liver",2,2017-06-05,veit,K9me2K27me3,0.007865,0,https://www.ebi.ac.uk/pride/archive/projects/PXD005300,ARTKQTARKSTGGKAPRKQLATKAARKSAPSTGGVKKPHRYRPGTVALRE,CrDB000105,"Middle-down proteomics on mouse tissues demonstrates that H3.3 accumulates to near saturation levels in the chromatin of various somatic mouse tissues by late adulthood. Accumulation of H3.3 is associated with profound changes in genome-wide levels of both individual and
combinatorial H3 modifications.",K4unK14unK18unK23unK36unR8unR17unR26unK9me2K27me3
,"<a href=""http://www.uniprot.org/uniprot/#{histone.accessionNumber}"" target=""_blank"">P84244</a>",Histone H3.3,Mus musculus,"Male C57BL/6J mouse, liver",2,2017-06-05,veit,K23me3K36me2,4.363e-05,0,https://www.ebi.ac.uk/pride/archive/projects/PXD005300,ARTKQTARKSTGGKAPRKQLATKAARKSAPSTGGVKKPHRYRPGTVALRE,CrDB000105,"Middle-down proteomics on mouse tissues demonstrates that H3.3 accumulates to near saturation levels in the chromatin of various somatic mouse tissues by late adulthood. Accumulation of H3.3 is associated with profound changes in genome-wide levels of both individual and
combinatorial H3 modifications.",K4unK9unK14unK18unK27unR8unR17unR26unK23me3K36me2
,"<a href=""http://www.uniprot.org/uniprot/#{histone.accessionNumber}"" target=""_blank"">P84244</a>",Histone H3.3,Mus musculus,"Male C57BL/6J mouse, liver",2,2017-06-05,veit,K23me3K27me2,2.958e-05,0,https://www.ebi.ac.uk/pride/archive/projects/PXD005300,ARTKQTARKSTGGKAPRKQLATKAARKSAPSTGGVKKPHRYRPGTVALRE,CrDB000105,"Middle-down proteomics on mouse tissues demonstrates that H3.3 accumulates to near saturation levels in the chromatin of various somatic mouse tissues by late adulthood. Accumulation of H3.3 is associated with profound changes in genome-wide levels of both individual and
combinatorial H3 modifications.",K4unK9unK14unK18unK36unR8unR17unR26unK23me3K27me2
,"<a href=""http://www.uniprot.org/uniprot/#{histone.accessionNumber}"" target=""_blank"">P84244</a>",Histone H3.3,Mus musculus,"Male C57BL/6J mouse, liver",2,2017-06-05,veit,R26me2K36me3,0.00034399,0,https://www.ebi.ac.uk/pride/archive/projects/PXD005300,ARTKQTARKSTGGKAPRKQLATKAARKSAPSTGGVKKPHRYRPGTVALRE,CrDB000105,"Middle-down proteomics on mouse tissues demonstrates that H3.3 accumulates to near saturation levels in the chromatin of various somatic mouse tissues by late adulthood. Accumulation of H3.3 is associated with profound changes in genome-wide levels of both individual and
combinatorial H3 modifications.",K4unK9unK14unK18unK23unK27unR8unR17unR26me2K36me3
,"<a href=""http://www.uniprot.org/uniprot/#{histone.accessionNumber}"" target=""_blank"">P84244</a>",Histone H3.3,Mus musculus,"Male C57BL/6J mouse, liver",2,2017-06-05,veit,K9me2K36me3,0.00363604,0,https://www.ebi.ac.uk/pride/archive/projects/PXD005300,ARTKQTARKSTGGKAPRKQLATKAARKSAPSTGGVKKPHRYRPGTVALRE,CrDB000105,"Middle-down proteomics on mouse tissues demonstrates that H3.3 accumulates to near saturation levels in the chromatin of various somatic mouse tissues by late adulthood. Accumulation of H3.3 is associated with profound changes in genome-wide levels of both individual and
combinatorial H3 modifications.",K4unK14unK18unK23unK27unR8unR17unR26unK9me2K36me3
,"<a href=""http://www.uniprot.org/uniprot/#{histone.accessionNumber}"" target=""_blank"">P84244</a>",Histone H3.3,Mus musculus,"Male C57BL/6J mouse, liver",3,2017-06-05,veit,K14me1K27me2K36me2,0.00015903,0,https://www.ebi.ac.uk/pride/archive/projects/PXD005300,ARTKQTARKSTGGKAPRKQLATKAARKSAPSTGGVKKPHRYRPGTVALRE,CrDB000105,"Middle-down proteomics on mouse tissues demonstrates that H3.3 accumulates to near saturation levels in the chromatin of various somatic mouse tissues by late adulthood. Accumulation of H3.3 is associated with profound changes in genome-wide levels of both individual and
combinatorial H3 modifications.",K4unK9unK18unK23unR8unR17unR26unK14me1K27me2K36me2
,"<a href=""http://www.uniprot.org/uniprot/#{histone.accessionNumber}"" target=""_blank"">P84244</a>",Histone H3.3,Mus musculus,"Male C57BL/6J mouse, liver",3,2017-06-05,veit,K14me1R26me2K36me2,4.677e-05,0,https://www.ebi.ac.uk/pride/archive/projects/PXD005300,ARTKQTARKSTGGKAPRKQLATKAARKSAPSTGGVKKPHRYRPGTVALRE,CrDB000105,"Middle-down proteomics on mouse tissues demonstrates that H3.3 accumulates to near saturation levels in the chromatin of various somatic mouse tissues by late adulthood. Accumulation of H3.3 is associated with profound changes in genome-wide levels of both individual and
combinatorial H3 modifications.",K4unK9unK18unK23unK27unR8unR17unK14me1R26me2K36me2
,"<a href=""http://www.uniprot.org/uniprot/#{histone.accessionNumber}"" target=""_blank"">P84244</a>",Histone H3.3,Mus musculus,"Male C57BL/6J mouse, liver",4,2017-06-05,veit,K14me1R17me1R26me1K36me2,0.00046416,0,https://www.ebi.ac.uk/pride/archive/projects/PXD005300,ARTKQTARKSTGGKAPRKQLATKAARKSAPSTGGVKKPHRYRPGTVALRE,CrDB000105,"Middle-down proteomics on mouse tissues demonstrates that H3.3 accumulates to near saturation levels in the chromatin of various somatic mouse tissues by late adulthood. Accumulation of H3.3 is associated with profound changes in genome-wide levels of both individual and
combinatorial H3 modifications.",K4unK9unK18unK23unK27unR8unK14me1R17me1R26me1K36me2
,"<a href=""http://www.uniprot.org/uniprot/#{histone.accessionNumber}"" target=""_blank"">P84244</a>",Histone H3.3,Mus musculus,"Male C57BL/6J mouse, liver",4,2017-06-05,veit,K9me1R17me1R26me1K36me2,0.00051832,0,https://www.ebi.ac.uk/pride/archive/projects/PXD005300,ARTKQTARKSTGGKAPRKQLATKAARKSAPSTGGVKKPHRYRPGTVALRE,CrDB000105,"Middle-down proteomics on mouse tissues demonstrates that H3.3 accumulates to near saturation levels in the chromatin of various somatic mouse tissues by late adulthood. Accumulation of H3.3 is associated with profound changes in genome-wide levels of both individual and
combinatorial H3 modifications.",K4unK14unK18unK23unK27unR8unK9me1R17me1R26me1K36me2
,"<a href=""http://www.uniprot.org/uniprot/#{histone.accessionNumber}"" target=""_blank"">P84244</a>",Histone H3.3,Mus musculus,"Male C57BL/6J mouse, liver",4,2017-06-05,veit,R8me1K23me1K27me1K36me2,0.00024298,0,https://www.ebi.ac.uk/pride/archive/projects/PXD005300,ARTKQTARKSTGGKAPRKQLATKAARKSAPSTGGVKKPHRYRPGTVALRE,CrDB000105,"Middle-down proteomics on mouse tissues demonstrates that H3.3 accumulates to near saturation levels in the chromatin of various somatic mouse tissues by late adulthood. Accumulation of H3.3 is associated with profound changes in genome-wide levels of both individual and
combinatorial H3 modifications.",K4unK9unK14unK18unR17unR26unR8me1K23me1K27me1K36me2
,"<a href=""http://www.uniprot.org/uniprot/#{histone.accessionNumber}"" target=""_blank"">P84244</a>",Histone H3.3,Mus musculus,"Male C57BL/6J mouse, liver",4,2017-06-05,veit,R8me1R17me1K27me1K36me2,0.00036584,0,https://www.ebi.ac.uk/pride/archive/projects/PXD005300,ARTKQTARKSTGGKAPRKQLATKAARKSAPSTGGVKKPHRYRPGTVALRE,CrDB000105,"Middle-down proteomics on mouse tissues demonstrates that H3.3 accumulates to near saturation levels in the chromatin of various somatic mouse tissues by late adulthood. Accumulation of H3.3 is associated with profound changes in genome-wide levels of both individual and
combinatorial H3 modifications.",K4unK9unK14unK18unK23unR26unR8me1R17me1K27me1K36me2
,"<a href=""http://www.uniprot.org/uniprot/#{histone.accessionNumber}"" target=""_blank"">P84244</a>",Histone H3.3,Mus musculus,"Male C57BL/6J mouse, liver",2,2017-06-05,veit,K14acK27me2,0.00026894,0,https://www.ebi.ac.uk/pride/archive/projects/PXD005300,ARTKQTARKSTGGKAPRKQLATKAARKSAPSTGGVKKPHRYRPGTVALRE,CrDB000105,"Middle-down proteomics on mouse tissues demonstrates that H3.3 accumulates to near saturation levels in the chromatin of various somatic mouse tissues by late adulthood. Accumulation of H3.3 is associated with profound changes in genome-wide levels of both individual and
combinatorial H3 modifications.",K4unK9unK18unK23unK36unR8unR17unR26unK14acK27me2
,"<a href=""http://www.uniprot.org/uniprot/#{histone.accessionNumber}"" target=""_blank"">P84244</a>",Histone H3.3,Mus musculus,"Male C57BL/6J mouse, liver",3,2017-06-05,veit,K23me2R26me1K27me2,0.00052247,0,https://www.ebi.ac.uk/pride/archive/projects/PXD005300,ARTKQTARKSTGGKAPRKQLATKAARKSAPSTGGVKKPHRYRPGTVALRE,CrDB000105,"Middle-down proteomics on mouse tissues demonstrates that H3.3 accumulates to near saturation levels in the chromatin of various somatic mouse tissues by late adulthood. Accumulation of H3.3 is associated with profound changes in genome-wide levels of both individual and
combinatorial H3 modifications.",K4unK9unK14unK18unK36unR8unR17unK23me2R26me1K27me2
,"<a href=""http://www.uniprot.org/uniprot/#{histone.accessionNumber}"" target=""_blank"">P84244</a>",Histone H3.3,Mus musculus,"Male C57BL/6J mouse, liver",4,2017-06-05,veit,R17me1K18me1R26me1K27me2,0.00022485,0,https://www.ebi.ac.uk/pride/archive/projects/PXD005300,ARTKQTARKSTGGKAPRKQLATKAARKSAPSTGGVKKPHRYRPGTVALRE,CrDB000105,"Middle-down proteomics on mouse tissues demonstrates that H3.3 accumulates to near saturation levels in the chromatin of various somatic mouse tissues by late adulthood. Accumulation of H3.3 is associated with profound changes in genome-wide levels of both individual and
combinatorial H3 modifications.",K4unK9unK14unK23unK36unR8unR17me1K18me1R26me1K27me2
,"<a href=""http://www.uniprot.org/uniprot/#{histone.accessionNumber}"" target=""_blank"">P84244</a>",Histone H3.3,Mus musculus,"Male C57BL/6J mouse, liver",4,2017-06-05,veit,K9me1K14me1R26me1K36me2,0.00114953,0,https://www.ebi.ac.uk/pride/archive/projects/PXD005300,ARTKQTARKSTGGKAPRKQLATKAARKSAPSTGGVKKPHRYRPGTVALRE,CrDB000105,"Middle-down proteomics on mouse tissues demonstrates that H3.3 accumulates to near saturation levels in the chromatin of various somatic mouse tissues by late adulthood. Accumulation of H3.3 is associated with profound changes in genome-wide levels of both individual and
combinatorial H3 modifications.",K4unK18unK23unK27unR8unR17unK9me1K14me1R26me1K36me2
,"<a href=""http://www.uniprot.org/uniprot/#{histone.accessionNumber}"" target=""_blank"">P84244</a>",Histone H3.3,Mus musculus,"Male C57BL/6J mouse, liver",3,2017-06-05,veit,K23me2K27me1K36me2,0.00044947,0,https://www.ebi.ac.uk/pride/archive/projects/PXD005300,ARTKQTARKSTGGKAPRKQLATKAARKSAPSTGGVKKPHRYRPGTVALRE,CrDB000105,"Middle-down proteomics on mouse tissues demonstrates that H3.3 accumulates to near saturation levels in the chromatin of various somatic mouse tissues by late adulthood. Accumulation of H3.3 is associated with profound changes in genome-wide levels of both individual and
combinatorial H3 modifications.",K4unK9unK14unK18unR8unR17unR26unK23me2K27me1K36me2
,"<a href=""http://www.uniprot.org/uniprot/#{histone.accessionNumber}"" target=""_blank"">P84244</a>",Histone H3.3,Mus musculus,"Male C57BL/6J mouse, liver",2,2017-06-05,veit,K9me2K27ac,0.00145515,0,https://www.ebi.ac.uk/pride/archive/projects/PXD005300,ARTKQTARKSTGGKAPRKQLATKAARKSAPSTGGVKKPHRYRPGTVALRE,CrDB000105,"Middle-down proteomics on mouse tissues demonstrates that H3.3 accumulates to near saturation levels in the chromatin of various somatic mouse tissues by late adulthood. Accumulation of H3.3 is associated with profound changes in genome-wide levels of both individual and
combinatorial H3 modifications.",K4unK14unK18unK23unK36unR8unR17unR26unK9me2K27ac
,"<a href=""http://www.uniprot.org/uniprot/#{histone.accessionNumber}"" target=""_blank"">P84244</a>",Histone H3.3,Mus musculus,"Male C57BL/6J mouse, liver",2,2017-06-05,veit,K9me2K23ac,0.00020286,0,https://www.ebi.ac.uk/pride/archive/projects/PXD005300,ARTKQTARKSTGGKAPRKQLATKAARKSAPSTGGVKKPHRYRPGTVALRE,CrDB000105,"Middle-down proteomics on mouse tissues demonstrates that H3.3 accumulates to near saturation levels in the chromatin of various somatic mouse tissues by late adulthood. Accumulation of H3.3 is associated with profound changes in genome-wide levels of both individual and
combinatorial H3 modifications.",K4unK14unK18unK27unK36unR8unR17unR26unK9me2K23ac
,"<a href=""http://www.uniprot.org/uniprot/#{histone.accessionNumber}"" target=""_blank"">P84244</a>",Histone H3.3,Mus musculus,"Male C57BL/6J mouse, liver",4,2017-06-05,veit,K9me2R26me1K27me1K36me1,0.00189897,0,https://www.ebi.ac.uk/pride/archive/projects/PXD005300,ARTKQTARKSTGGKAPRKQLATKAARKSAPSTGGVKKPHRYRPGTVALRE,CrDB000105,"Middle-down proteomics on mouse tissues demonstrates that H3.3 accumulates to near saturation levels in the chromatin of various somatic mouse tissues by late adulthood. Accumulation of H3.3 is associated with profound changes in genome-wide levels of both individual and
combinatorial H3 modifications.",K4unK14unK18unK23unR8unR17unK9me2R26me1K27me1K36me1
,"<a href=""http://www.uniprot.org/uniprot/#{histone.accessionNumber}"" target=""_blank"">P84244</a>",Histone H3.3,Mus musculus,"Male C57BL/6J mouse, liver",3,2017-06-05,veit,R26me1K27me1K36me3,0.0001612,0,https://www.ebi.ac.uk/pride/archive/projects/PXD005300,ARTKQTARKSTGGKAPRKQLATKAARKSAPSTGGVKKPHRYRPGTVALRE,CrDB000105,"Middle-down proteomics on mouse tissues demonstrates that H3.3 accumulates to near saturation levels in the chromatin of various somatic mouse tissues by late adulthood. Accumulation of H3.3 is associated with profound changes in genome-wide levels of both individual and
combinatorial H3 modifications.",K4unK9unK14unK18unK23unR8unR17unR26me1K27me1K36me3
,"<a href=""http://www.uniprot.org/uniprot/#{histone.accessionNumber}"" target=""_blank"">P84244</a>",Histone H3.3,Mus musculus,"Male C57BL/6J mouse, liver",2,2017-06-05,veit,R17me2K27me3,0.00013659,0,https://www.ebi.ac.uk/pride/archive/projects/PXD005300,ARTKQTARKSTGGKAPRKQLATKAARKSAPSTGGVKKPHRYRPGTVALRE,CrDB000105,"Middle-down proteomics on mouse tissues demonstrates that H3.3 accumulates to near saturation levels in the chromatin of various somatic mouse tissues by late adulthood. Accumulation of H3.3 is associated with profound changes in genome-wide levels of both individual and
combinatorial H3 modifications.",K4unK9unK14unK18unK23unK36unR8unR26unR17me2K27me3
,"<a href=""http://www.uniprot.org/uniprot/#{histone.accessionNumber}"" target=""_blank"">P84244</a>",Histone H3.3,Mus musculus,"Male C57BL/6J mouse, liver",2,2017-06-05,veit,K23me2K36me3,0.00010461,0,https://www.ebi.ac.uk/pride/archive/projects/PXD005300,ARTKQTARKSTGGKAPRKQLATKAARKSAPSTGGVKKPHRYRPGTVALRE,CrDB000105,"Middle-down proteomics on mouse tissues demonstrates that H3.3 accumulates to near saturation levels in the chromatin of various somatic mouse tissues by late adulthood. Accumulation of H3.3 is associated with profound changes in genome-wide levels of both individual and
combinatorial H3 modifications.",K4unK9unK14unK18unK27unR8unR17unR26unK23me2K36me3
,"<a href=""http://www.uniprot.org/uniprot/#{histone.accessionNumber}"" target=""_blank"">P84244</a>",Histone H3.3,Mus musculus,"Male C57BL/6J mouse, liver",4,2017-06-05,veit,K9me1K14me1K18me1K36me2,0.00037283,0,https://www.ebi.ac.uk/pride/archive/projects/PXD005300,ARTKQTARKSTGGKAPRKQLATKAARKSAPSTGGVKKPHRYRPGTVALRE,CrDB000105,"Middle-down proteomics on mouse tissues demonstrates that H3.3 accumulates to near saturation levels in the chromatin of various somatic mouse tissues by late adulthood. Accumulation of H3.3 is associated with profound changes in genome-wide levels of both individual and
combinatorial H3 modifications.",K4unK23unK27unR8unR17unR26unK9me1K14me1K18me1K36me2
,"<a href=""http://www.uniprot.org/uniprot/#{histone.accessionNumber}"" target=""_blank"">P84244</a>",Histone H3.3,Mus musculus,"Male C57BL/6J mouse, liver",2,2017-06-05,veit,K14me3K36me2,0.00026129,0,https://www.ebi.ac.uk/pride/archive/projects/PXD005300,ARTKQTARKSTGGKAPRKQLATKAARKSAPSTGGVKKPHRYRPGTVALRE,CrDB000105,"Middle-down proteomics on mouse tissues demonstrates that H3.3 accumulates to near saturation levels in the chromatin of various somatic mouse tissues by late adulthood. Accumulation of H3.3 is associated with profound changes in genome-wide levels of both individual and
combinatorial H3 modifications.",K4unK9unK18unK23unK27unR8unR17unR26unK14me3K36me2
,"<a href=""http://www.uniprot.org/uniprot/#{histone.accessionNumber}"" target=""_blank"">P84244</a>",Histone H3.3,Mus musculus,"Male C57BL/6J mouse, liver",2,2017-06-05,veit,K14me2K27ac,0.00015151,0,https://www.ebi.ac.uk/pride/archive/projects/PXD005300,ARTKQTARKSTGGKAPRKQLATKAARKSAPSTGGVKKPHRYRPGTVALRE,CrDB000105,"Middle-down proteomics on mouse tissues demonstrates that H3.3 accumulates to near saturation levels in the chromatin of various somatic mouse tissues by late adulthood. Accumulation of H3.3 is associated with profound changes in genome-wide levels of both individual and
combinatorial H3 modifications.",K4unK9unK18unK23unK36unR8unR17unR26unK14me2K27ac
,"<a href=""http://www.uniprot.org/uniprot/#{histone.accessionNumber}"" target=""_blank"">P84244</a>",Histone H3.3,Mus musculus,"Male C57BL/6J mouse, liver",3,2017-06-05,veit,K9me1K14me1K36me3,0.00038774,0,https://www.ebi.ac.uk/pride/archive/projects/PXD005300,ARTKQTARKSTGGKAPRKQLATKAARKSAPSTGGVKKPHRYRPGTVALRE,CrDB000105,"Middle-down proteomics on mouse tissues demonstrates that H3.3 accumulates to near saturation levels in the chromatin of various somatic mouse tissues by late adulthood. Accumulation of H3.3 is associated with profound changes in genome-wide levels of both individual and
combinatorial H3 modifications.",K4unK18unK23unK27unR8unR17unR26unK9me1K14me1K36me3
,"<a href=""http://www.uniprot.org/uniprot/#{histone.accessionNumber}"" target=""_blank"">P84244</a>",Histone H3.3,Mus musculus,"Male C57BL/6J mouse, liver",3,2017-06-05,veit,K9me1K14me1K27me3,0.00068031,0,https://www.ebi.ac.uk/pride/archive/projects/PXD005300,ARTKQTARKSTGGKAPRKQLATKAARKSAPSTGGVKKPHRYRPGTVALRE,CrDB000105,"Middle-down proteomics on mouse tissues demonstrates that H3.3 accumulates to near saturation levels in the chromatin of various somatic mouse tissues by late adulthood. Accumulation of H3.3 is associated with profound changes in genome-wide levels of both individual and
combinatorial H3 modifications.",K4unK18unK23unK36unR8unR17unR26unK9me1K14me1K27me3
,"<a href=""http://www.uniprot.org/uniprot/#{histone.accessionNumber}"" target=""_blank"">P84244</a>",Histone H3.3,Mus musculus,"Male C57BL/6J mouse, liver",3,2017-06-05,veit,K9me1R17me1K36me3,0.00056687,0,https://www.ebi.ac.uk/pride/archive/projects/PXD005300,ARTKQTARKSTGGKAPRKQLATKAARKSAPSTGGVKKPHRYRPGTVALRE,CrDB000105,"Middle-down proteomics on mouse tissues demonstrates that H3.3 accumulates to near saturation levels in the chromatin of various somatic mouse tissues by late adulthood. Accumulation of H3.3 is associated with profound changes in genome-wide levels of both individual and
combinatorial H3 modifications.",K4unK14unK18unK23unK27unR8unR26unK9me1R17me1K36me3
,"<a href=""http://www.uniprot.org/uniprot/#{histone.accessionNumber}"" target=""_blank"">P84244</a>",Histone H3.3,Mus musculus,"Male C57BL/6J mouse, liver",3,2017-06-05,veit,R26me1K27me2K36me2,0.00030555,0,https://www.ebi.ac.uk/pride/archive/projects/PXD005300,ARTKQTARKSTGGKAPRKQLATKAARKSAPSTGGVKKPHRYRPGTVALRE,CrDB000105,"Middle-down proteomics on mouse tissues demonstrates that H3.3 accumulates to near saturation levels in the chromatin of various somatic mouse tissues by late adulthood. Accumulation of H3.3 is associated with profound changes in genome-wide levels of both individual and
combinatorial H3 modifications.",K4unK9unK14unK18unK23unR8unR17unR26me1K27me2K36me2
,"<a href=""http://www.uniprot.org/uniprot/#{histone.accessionNumber}"" target=""_blank"">P84244</a>",Histone H3.3,Mus musculus,"Male C57BL/6J mouse, liver",2,2017-06-05,veit,R26me2K27me3,0.00020768,0,https://www.ebi.ac.uk/pride/archive/projects/PXD005300,ARTKQTARKSTGGKAPRKQLATKAARKSAPSTGGVKKPHRYRPGTVALRE,CrDB000105,"Middle-down proteomics on mouse tissues demonstrates that H3.3 accumulates to near saturation levels in the chromatin of various somatic mouse tissues by late adulthood. Accumulation of H3.3 is associated with profound changes in genome-wide levels of both individual and
combinatorial H3 modifications.",K4unK9unK14unK18unK23unK36unR8unR17unR26me2K27me3
,"<a href=""http://www.uniprot.org/uniprot/#{histone.accessionNumber}"" target=""_blank"">P84244</a>",Histone H3.3,Mus musculus,"Male C57BL/6J mouse, liver",4,2017-06-05,veit,K14me2R26me1K27me1K36me1,0.00047342,0,https://www.ebi.ac.uk/pride/archive/projects/PXD005300,ARTKQTARKSTGGKAPRKQLATKAARKSAPSTGGVKKPHRYRPGTVALRE,CrDB000105,"Middle-down proteomics on mouse tissues demonstrates that H3.3 accumulates to near saturation levels in the chromatin of various somatic mouse tissues by late adulthood. Accumulation of H3.3 is associated with profound changes in genome-wide levels of both individual and
combinatorial H3 modifications.",K4unK9unK18unK23unR8unR17unK14me2R26me1K27me1K36me1
,"<a href=""http://www.uniprot.org/uniprot/#{histone.accessionNumber}"" target=""_blank"">P84244</a>",Histone H3.3,Mus musculus,"Male C57BL/6J mouse, liver",2,2017-06-05,veit,K14me2K27me3,0.00084843,0,https://www.ebi.ac.uk/pride/archive/projects/PXD005300,ARTKQTARKSTGGKAPRKQLATKAARKSAPSTGGVKKPHRYRPGTVALRE,CrDB000105,"Middle-down proteomics on mouse tissues demonstrates that H3.3 accumulates to near saturation levels in the chromatin of various somatic mouse tissues by late adulthood. Accumulation of H3.3 is associated with profound changes in genome-wide levels of both individual and
combinatorial H3 modifications.",K4unK9unK18unK23unK36unR8unR17unR26unK14me2K27me3
,"<a href=""http://www.uniprot.org/uniprot/#{histone.accessionNumber}"" target=""_blank"">P84244</a>",Histone H3.3,Mus musculus,"Male C57BL/6J mouse, liver",2,2017-06-05,veit,K23me2K27me3,0.00022148,0,https://www.ebi.ac.uk/pride/archive/projects/PXD005300,ARTKQTARKSTGGKAPRKQLATKAARKSAPSTGGVKKPHRYRPGTVALRE,CrDB000105,"Middle-down proteomics on mouse tissues demonstrates that H3.3 accumulates to near saturation levels in the chromatin of various somatic mouse tissues by late adulthood. Accumulation of H3.3 is associated with profound changes in genome-wide levels of both individual and
combinatorial H3 modifications.",K4unK9unK14unK18unK36unR8unR17unR26unK23me2K27me3
,"<a href=""http://www.uniprot.org/uniprot/#{histone.accessionNumber}"" target=""_blank"">P84244</a>",Histone H3.3,Mus musculus,"Male C57BL/6J mouse, liver",2,2017-06-05,veit,K14me2K23ac,0.0001447,0,https://www.ebi.ac.uk/pride/archive/projects/PXD005300,ARTKQTARKSTGGKAPRKQLATKAARKSAPSTGGVKKPHRYRPGTVALRE,CrDB000105,"Middle-down proteomics on mouse tissues demonstrates that H3.3 accumulates to near saturation levels in the chromatin of various somatic mouse tissues by late adulthood. Accumulation of H3.3 is associated with profound changes in genome-wide levels of both individual and
combinatorial H3 modifications.",K4unK9unK18unK27unK36unR8unR17unR26unK14me2K23ac
,"<a href=""http://www.uniprot.org/uniprot/#{histone.accessionNumber}"" target=""_blank"">P84244</a>",Histone H3.3,Mus musculus,"Male C57BL/6J mouse, liver",3,2017-06-05,veit,K14me1R17me1K23ac,0.00013704,0,https://www.ebi.ac.uk/pride/archive/projects/PXD005300,ARTKQTARKSTGGKAPRKQLATKAARKSAPSTGGVKKPHRYRPGTVALRE,CrDB000105,"Middle-down proteomics on mouse tissues demonstrates that H3.3 accumulates to near saturation levels in the chromatin of various somatic mouse tissues by late adulthood. Accumulation of H3.3 is associated with profound changes in genome-wide levels of both individual and
combinatorial H3 modifications.",K4unK9unK18unK27unK36unR8unR26unK14me1R17me1K23ac
,"<a href=""http://www.uniprot.org/uniprot/#{histone.accessionNumber}"" target=""_blank"">P84244</a>",Histone H3.3,Mus musculus,"Male C57BL/6J mouse, liver",3,2017-06-05,veit,R17me2R26me1K36me2,0.00015963,0,https://www.ebi.ac.uk/pride/archive/projects/PXD005300,ARTKQTARKSTGGKAPRKQLATKAARKSAPSTGGVKKPHRYRPGTVALRE,CrDB000105,"Middle-down proteomics on mouse tissues demonstrates that H3.3 accumulates to near saturation levels in the chromatin of various somatic mouse tissues by late adulthood. Accumulation of H3.3 is associated with profound changes in genome-wide levels of both individual and
combinatorial H3 modifications.",K4unK9unK14unK18unK23unK27unR8unR17me2R26me1K36me2
,"<a href=""http://www.uniprot.org/uniprot/#{histone.accessionNumber}"" target=""_blank"">P84244</a>",Histone H3.3,Mus musculus,"Male C57BL/6J mouse, liver",4,2017-06-05,veit,R17me1K18me1R26me1K36me2,0.00031382,0,https://www.ebi.ac.uk/pride/archive/projects/PXD005300,ARTKQTARKSTGGKAPRKQLATKAARKSAPSTGGVKKPHRYRPGTVALRE,CrDB000105,"Middle-down proteomics on mouse tissues demonstrates that H3.3 accumulates to near saturation levels in the chromatin of various somatic mouse tissues by late adulthood. Accumulation of H3.3 is associated with profound changes in genome-wide levels of both individual and
combinatorial H3 modifications.",K4unK9unK14unK23unK27unR8unR17me1K18me1R26me1K36me2
,"<a href=""http://www.uniprot.org/uniprot/#{histone.accessionNumber}"" target=""_blank"">P84228</a>",Histone H3.2,Mus musculus,"Male C57BL/6J mouse, liver",4,2017-06-05,veit,K9me2K14acK27me1K36me1,0.00509355,0,https://www.ebi.ac.uk/pride/archive/projects/PXD005300,ARTKQTARKSTGGKAPRKQLATKAARKSAPATGGVKKPHRYRPGTVALRE,CrDB000105,"Middle-down proteomics on mouse tissues demonstrates that H3.3 accumulates to near saturation levels in the chromatin of various somatic mouse tissues by late adulthood. Accumulation of H3.3 is associated with profound changes in genome-wide levels of both individual and
combinatorial H3 modifications.",K4unK18unK23unR8unR17unR26unK9me2K14acK27me1K36me1
,"<a href=""http://www.uniprot.org/uniprot/#{histone.accessionNumber}"" target=""_blank"">P84228</a>",Histone H3.2,Mus musculus,"Male C57BL/6J mouse, liver",3,2017-06-05,veit,K18me2K23acK27me2,9.824e-05,0,https://www.ebi.ac.uk/pride/archive/projects/PXD005300,ARTKQTARKSTGGKAPRKQLATKAARKSAPATGGVKKPHRYRPGTVALRE,CrDB000105,"Middle-down proteomics on mouse tissues demonstrates that H3.3 accumulates to near saturation levels in the chromatin of various somatic mouse tissues by late adulthood. Accumulation of H3.3 is associated with profound changes in genome-wide levels of both individual and
combinatorial H3 modifications.",K4unK9unK14unK36unR8unR17unR26unK18me2K23acK27me2
,"<a href=""http://www.uniprot.org/uniprot/#{histone.accessionNumber}"" target=""_blank"">P84228</a>",Histone H3.2,Mus musculus,"Male C57BL/6J mouse, liver",3,2017-06-05,veit,K18acK23me2K27me2,0.00027361,0,https://www.ebi.ac.uk/pride/archive/projects/PXD005300,ARTKQTARKSTGGKAPRKQLATKAARKSAPATGGVKKPHRYRPGTVALRE,CrDB000105,"Middle-down proteomics on mouse tissues demonstrates that H3.3 accumulates to near saturation levels in the chromatin of various somatic mouse tissues by late adulthood. Accumulation of H3.3 is associated with profound changes in genome-wide levels of both individual and
combinatorial H3 modifications.",K4unK9unK14unK36unR8unR17unR26unK18acK23me2K27me2
,"<a href=""http://www.uniprot.org/uniprot/#{histone.accessionNumber}"" target=""_blank"">P84228</a>",Histone H3.2,Mus musculus,"Male C57BL/6J mouse, liver",3,2017-06-05,veit,K14acK27me2K36me2,0.0004149,0,https://www.ebi.ac.uk/pride/archive/projects/PXD005300,ARTKQTARKSTGGKAPRKQLATKAARKSAPATGGVKKPHRYRPGTVALRE,CrDB000105,"Middle-down proteomics on mouse tissues demonstrates that H3.3 accumulates to near saturation levels in the chromatin of various somatic mouse tissues by late adulthood. Accumulation of H3.3 is associated with profound changes in genome-wide levels of both individual and
combinatorial H3 modifications.",K4unK9unK18unK23unR8unR17unR26unK14acK27me2K36me2
,"<a href=""http://www.uniprot.org/uniprot/#{histone.accessionNumber}"" target=""_blank"">P84228</a>",Histone H3.2,Mus musculus,"Male C57BL/6J mouse, liver",3,2017-06-05,veit,K14acK23me1K27me3,5.659e-05,0,https://www.ebi.ac.uk/pride/archive/projects/PXD005300,ARTKQTARKSTGGKAPRKQLATKAARKSAPATGGVKKPHRYRPGTVALRE,CrDB000105,"Middle-down proteomics on mouse tissues demonstrates that H3.3 accumulates to near saturation levels in the chromatin of various somatic mouse tissues by late adulthood. Accumulation of H3.3 is associated with profound changes in genome-wide levels of both individual and
combinatorial H3 modifications.",K4unK9unK18unK36unR8unR17unR26unK14acK23me1K27me3
,"<a href=""http://www.uniprot.org/uniprot/#{histone.accessionNumber}"" target=""_blank"">P84228</a>",Histone H3.2,Mus musculus,"Male C57BL/6J mouse, liver",3,2017-06-05,veit,K14acK23me2K27me2,0.00284081,0,https://www.ebi.ac.uk/pride/archive/projects/PXD005300,ARTKQTARKSTGGKAPRKQLATKAARKSAPATGGVKKPHRYRPGTVALRE,CrDB000105,"Middle-down proteomics on mouse tissues demonstrates that H3.3 accumulates to near saturation levels in the chromatin of various somatic mouse tissues by late adulthood. Accumulation of H3.3 is associated with profound changes in genome-wide levels of both individual and
combinatorial H3 modifications.",K4unK9unK18unK36unR8unR17unR26unK14acK23me2K27me2
,"<a href=""http://www.uniprot.org/uniprot/#{histone.accessionNumber}"" target=""_blank"">P84228</a>",Histone H3.2,Mus musculus,"Male C57BL/6J mouse, liver",3,2017-06-05,veit,K14acR17me2K27me2,0.00528796,0,https://www.ebi.ac.uk/pride/archive/projects/PXD005300,ARTKQTARKSTGGKAPRKQLATKAARKSAPATGGVKKPHRYRPGTVALRE,CrDB000105,"Middle-down proteomics on mouse tissues demonstrates that H3.3 accumulates to near saturation levels in the chromatin of various somatic mouse tissues by late adulthood. Accumulation of H3.3 is associated with profound changes in genome-wide levels of both individual and
combinatorial H3 modifications.",K4unK9unK18unK23unK36unR8unR26unK14acR17me2K27me2
,"<a href=""http://www.uniprot.org/uniprot/#{histone.accessionNumber}"" target=""_blank"">P84228</a>",Histone H3.2,Mus musculus,"Male C57BL/6J mouse, liver",3,2017-06-05,veit,K14acR26me2K27me2,0.00117838,0,https://www.ebi.ac.uk/pride/archive/projects/PXD005300,ARTKQTARKSTGGKAPRKQLATKAARKSAPATGGVKKPHRYRPGTVALRE,CrDB000105,"Middle-down proteomics on mouse tissues demonstrates that H3.3 accumulates to near saturation levels in the chromatin of various somatic mouse tissues by late adulthood. Accumulation of H3.3 is associated with profound changes in genome-wide levels of both individual and
combinatorial H3 modifications.",K4unK9unK18unK23unK36unR8unR17unK14acR26me2K27me2
,"<a href=""http://www.uniprot.org/uniprot/#{histone.accessionNumber}"" target=""_blank"">P84228</a>",Histone H3.2,Mus musculus,"Male C57BL/6J mouse, liver",3,2017-06-05,veit,K18acR26me2K27me2,0.00163817,0,https://www.ebi.ac.uk/pride/archive/projects/PXD005300,ARTKQTARKSTGGKAPRKQLATKAARKSAPATGGVKKPHRYRPGTVALRE,CrDB000105,"Middle-down proteomics on mouse tissues demonstrates that H3.3 accumulates to near saturation levels in the chromatin of various somatic mouse tissues by late adulthood. Accumulation of H3.3 is associated with profound changes in genome-wide levels of both individual and
combinatorial H3 modifications.",K4unK9unK14unK23unK36unR8unR17unK18acR26me2K27me2
,"<a href=""http://www.uniprot.org/uniprot/#{histone.accessionNumber}"" target=""_blank"">P84228</a>",Histone H3.2,Mus musculus,"Male C57BL/6J mouse, liver",3,2017-06-05,veit,K18acK27me2K36me2,8.061e-05,0,https://www.ebi.ac.uk/pride/archive/projects/PXD005300,ARTKQTARKSTGGKAPRKQLATKAARKSAPATGGVKKPHRYRPGTVALRE,CrDB000105,"Middle-down proteomics on mouse tissues demonstrates that H3.3 accumulates to near saturation levels in the chromatin of various somatic mouse tissues by late adulthood. Accumulation of H3.3 is associated with profound changes in genome-wide levels of both individual and
combinatorial H3 modifications.",K4unK9unK14unK23unR8unR17unR26unK18acK27me2K36me2
,"<a href=""http://www.uniprot.org/uniprot/#{histone.accessionNumber}"" target=""_blank"">P84228</a>",Histone H3.2,Mus musculus,"Male C57BL/6J mouse, liver",3,2017-06-05,veit,K9me3K27me2K36me2,0.01050102,0,https://www.ebi.ac.uk/pride/archive/projects/PXD005300,ARTKQTARKSTGGKAPRKQLATKAARKSAPATGGVKKPHRYRPGTVALRE,CrDB000105,"Middle-down proteomics on mouse tissues demonstrates that H3.3 accumulates to near saturation levels in the chromatin of various somatic mouse tissues by late adulthood. Accumulation of H3.3 is associated with profound changes in genome-wide levels of both individual and
combinatorial H3 modifications.",K4unK14unK18unK23unR8unR17unR26unK9me3K27me2K36me2
,"<a href=""http://www.uniprot.org/uniprot/#{histone.accessionNumber}"" target=""_blank"">P84228</a>",Histone H3.2,Mus musculus,"Male C57BL/6J mouse, liver",3,2017-06-05,veit,K14acR26me1K27me3,6.154e-05,0,https://www.ebi.ac.uk/pride/archive/projects/PXD005300,ARTKQTARKSTGGKAPRKQLATKAARKSAPATGGVKKPHRYRPGTVALRE,CrDB000105,"Middle-down proteomics on mouse tissues demonstrates that H3.3 accumulates to near saturation levels in the chromatin of various somatic mouse tissues by late adulthood. Accumulation of H3.3 is associated with profound changes in genome-wide levels of both individual and
combinatorial H3 modifications.",K4unK9unK18unK23unK36unR8unR17unK14acR26me1K27me3
,"<a href=""http://www.uniprot.org/uniprot/#{histone.accessionNumber}"" target=""_blank"">P84228</a>",Histone H3.2,Mus musculus,"Male C57BL/6J mouse, liver",4,2017-06-05,veit,K9me2K23me1K27acK36me1,0.00095348,0,https://www.ebi.ac.uk/pride/archive/projects/PXD005300,ARTKQTARKSTGGKAPRKQLATKAARKSAPATGGVKKPHRYRPGTVALRE,CrDB000105,"Middle-down proteomics on mouse tissues demonstrates that H3.3 accumulates to near saturation levels in the chromatin of various somatic mouse tissues by late adulthood. Accumulation of H3.3 is associated with profound changes in genome-wide levels of both individual and
combinatorial H3 modifications.",K4unK14unK18unR8unR17unR26unK9me2K23me1K27acK36me1
,"<a href=""http://www.uniprot.org/uniprot/#{histone.accessionNumber}"" target=""_blank"">P84244</a>",Histone H3.3,Mus musculus,"Male C57BL/6J mouse, liver",3,2017-06-05,veit,K23acK27me2K36me1,0.00849839,0,https://www.ebi.ac.uk/pride/archive/projects/PXD005300,ARTKQTARKSTGGKAPRKQLATKAARKSAPSTGGVKKPHRYRPGTVALRE,CrDB000105,"Middle-down proteomics on mouse tissues demonstrates that H3.3 accumulates to near saturation levels in the chromatin of various somatic mouse tissues by late adulthood. Accumulation of H3.3 is associated with profound changes in genome-wide levels of both individual and
combinatorial H3 modifications.",K4unK9unK14unK18unR8unR17unR26unK23acK27me2K36me1
,"<a href=""http://www.uniprot.org/uniprot/#{histone.accessionNumber}"" target=""_blank"">P84244</a>",Histone H3.3,Mus musculus,"Male C57BL/6J mouse, liver",2,2017-06-05,veit,K23acK36me3,0.00164842,0,https://www.ebi.ac.uk/pride/archive/projects/PXD005300,ARTKQTARKSTGGKAPRKQLATKAARKSAPSTGGVKKPHRYRPGTVALRE,CrDB000105,"Middle-down proteomics on mouse tissues demonstrates that H3.3 accumulates to near saturation levels in the chromatin of various somatic mouse tissues by late adulthood. Accumulation of H3.3 is associated with profound changes in genome-wide levels of both individual and
combinatorial H3 modifications.",K4unK9unK14unK18unK27unR8unR17unR26unK23acK36me3
,"<a href=""http://www.uniprot.org/uniprot/#{histone.accessionNumber}"" target=""_blank"">P84244</a>",Histone H3.3,Mus musculus,"Male C57BL/6J mouse, liver",3,2017-06-05,veit,K18acR26me1K27me2,8.01e-05,0,https://www.ebi.ac.uk/pride/archive/projects/PXD005300,ARTKQTARKSTGGKAPRKQLATKAARKSAPSTGGVKKPHRYRPGTVALRE,CrDB000105,"Middle-down proteomics on mouse tissues demonstrates that H3.3 accumulates to near saturation levels in the chromatin of various somatic mouse tissues by late adulthood. Accumulation of H3.3 is associated with profound changes in genome-wide levels of both individual and
combinatorial H3 modifications.",K4unK9unK14unK23unK36unR8unR17unK18acR26me1K27me2
,"<a href=""http://www.uniprot.org/uniprot/#{histone.accessionNumber}"" target=""_blank"">P84244</a>",Histone H3.3,Mus musculus,"Male C57BL/6J mouse, liver",2,2017-06-05,veit,K18acK27me3,0.00162993,0,https://www.ebi.ac.uk/pride/archive/projects/PXD005300,ARTKQTARKSTGGKAPRKQLATKAARKSAPSTGGVKKPHRYRPGTVALRE,CrDB000105,"Middle-down proteomics on mouse tissues demonstrates that H3.3 accumulates to near saturation levels in the chromatin of various somatic mouse tissues by late adulthood. Accumulation of H3.3 is associated with profound changes in genome-wide levels of both individual and
combinatorial H3 modifications.",K4unK9unK14unK23unK36unR8unR17unR26unK18acK27me3
,"<a href=""http://www.uniprot.org/uniprot/#{histone.accessionNumber}"" target=""_blank"">P84244</a>",Histone H3.3,Mus musculus,"Male C57BL/6J mouse, liver",3,2017-06-05,veit,K23acK27me1K36me2,0.0064838,0,https://www.ebi.ac.uk/pride/archive/projects/PXD005300,ARTKQTARKSTGGKAPRKQLATKAARKSAPSTGGVKKPHRYRPGTVALRE,CrDB000105,"Middle-down proteomics on mouse tissues demonstrates that H3.3 accumulates to near saturation levels in the chromatin of various somatic mouse tissues by late adulthood. Accumulation of H3.3 is associated with profound changes in genome-wide levels of both individual and
combinatorial H3 modifications.",K4unK9unK14unK18unR8unR17unR26unK23acK27me1K36me2
,"<a href=""http://www.uniprot.org/uniprot/#{histone.accessionNumber}"" target=""_blank"">P84244</a>",Histone H3.3,Mus musculus,"Male C57BL/6J mouse, liver",3,2017-06-05,veit,K14acK27me2K36me1,0.0005149,0,https://www.ebi.ac.uk/pride/archive/projects/PXD005300,ARTKQTARKSTGGKAPRKQLATKAARKSAPSTGGVKKPHRYRPGTVALRE,CrDB000105,"Middle-down proteomics on mouse tissues demonstrates that H3.3 accumulates to near saturation levels in the chromatin of various somatic mouse tissues by late adulthood. Accumulation of H3.3 is associated with profound changes in genome-wide levels of both individual and
combinatorial H3 modifications.",K4unK9unK18unK23unR8unR17unR26unK14acK27me2K36me1
,"<a href=""http://www.uniprot.org/uniprot/#{histone.accessionNumber}"" target=""_blank"">P84244</a>",Histone H3.3,Mus musculus,"Male C57BL/6J mouse, liver",2,2017-06-05,veit,K14acK27me3,0.00188342,0,https://www.ebi.ac.uk/pride/archive/projects/PXD005300,ARTKQTARKSTGGKAPRKQLATKAARKSAPSTGGVKKPHRYRPGTVALRE,CrDB000105,"Middle-down proteomics on mouse tissues demonstrates that H3.3 accumulates to near saturation levels in the chromatin of various somatic mouse tissues by late adulthood. Accumulation of H3.3 is associated with profound changes in genome-wide levels of both individual and
combinatorial H3 modifications.",K4unK9unK18unK23unK36unR8unR17unR26unK14acK27me3
,"<a href=""http://www.uniprot.org/uniprot/#{histone.accessionNumber}"" target=""_blank"">P84244</a>",Histone H3.3,Mus musculus,"Male C57BL/6J mouse, liver",2,2017-06-05,veit,K9acK27me3,4.132e-05,0,https://www.ebi.ac.uk/pride/archive/projects/PXD005300,ARTKQTARKSTGGKAPRKQLATKAARKSAPSTGGVKKPHRYRPGTVALRE,CrDB000105,"Middle-down proteomics on mouse tissues demonstrates that H3.3 accumulates to near saturation levels in the chromatin of various somatic mouse tissues by late adulthood. Accumulation of H3.3 is associated with profound changes in genome-wide levels of both individual and
combinatorial H3 modifications.",K4unK14unK18unK23unK36unR8unR17unR26unK9acK27me3
,"<a href=""http://www.uniprot.org/uniprot/#{histone.accessionNumber}"" target=""_blank"">P84244</a>",Histone H3.3,Mus musculus,"Male C57BL/6J mouse, liver",2,2017-06-05,veit,K23acK27ac,0.00032877,0,https://www.ebi.ac.uk/pride/archive/projects/PXD005300,ARTKQTARKSTGGKAPRKQLATKAARKSAPSTGGVKKPHRYRPGTVALRE,CrDB000105,"Middle-down proteomics on mouse tissues demonstrates that H3.3 accumulates to near saturation levels in the chromatin of various somatic mouse tissues by late adulthood. Accumulation of H3.3 is associated with profound changes in genome-wide levels of both individual and
combinatorial H3 modifications.",K4unK9unK14unK18unK36unR8unR17unR26unK23acK27ac
,"<a href=""http://www.uniprot.org/uniprot/#{histone.accessionNumber}"" target=""_blank"">P84244</a>",Histone H3.3,Mus musculus,"Male C57BL/6J mouse, liver",3,2017-06-05,veit,K9me2K23me1K27me3,6.009e-05,0,https://www.ebi.ac.uk/pride/archive/projects/PXD005300,ARTKQTARKSTGGKAPRKQLATKAARKSAPSTGGVKKPHRYRPGTVALRE,CrDB000105,"Middle-down proteomics on mouse tissues demonstrates that H3.3 accumulates to near saturation levels in the chromatin of various somatic mouse tissues by late adulthood. Accumulation of H3.3 is associated with profound changes in genome-wide levels of both individual and
combinatorial H3 modifications.",K4unK14unK18unK36unR8unR17unR26unK9me2K23me1K27me3
,"<a href=""http://www.uniprot.org/uniprot/#{histone.accessionNumber}"" target=""_blank"">P84244</a>",Histone H3.3,Mus musculus,"Male C57BL/6J mouse, liver",4,2017-06-05,veit,R8me1K9me1K27me2K36me2,0.00588378,0,https://www.ebi.ac.uk/pride/archive/projects/PXD005300,ARTKQTARKSTGGKAPRKQLATKAARKSAPSTGGVKKPHRYRPGTVALRE,CrDB000105,"Middle-down proteomics on mouse tissues demonstrates that H3.3 accumulates to near saturation levels in the chromatin of various somatic mouse tissues by late adulthood. Accumulation of H3.3 is associated with profound changes in genome-wide levels of both individual and
combinatorial H3 modifications.",K4unK14unK18unK23unR17unR26unR8me1K9me1K27me2K36me2
,"<a href=""http://www.uniprot.org/uniprot/#{histone.accessionNumber}"" target=""_blank"">P84244</a>",Histone H3.3,Mus musculus,"Male C57BL/6J mouse, liver",2,2017-06-05,veit,K23acK27me3,0.00236514,0,https://www.ebi.ac.uk/pride/archive/projects/PXD005300,ARTKQTARKSTGGKAPRKQLATKAARKSAPSTGGVKKPHRYRPGTVALRE,CrDB000105,"Middle-down proteomics on mouse tissues demonstrates that H3.3 accumulates to near saturation levels in the chromatin of various somatic mouse tissues by late adulthood. Accumulation of H3.3 is associated with profound changes in genome-wide levels of both individual and
combinatorial H3 modifications.",K4unK9unK14unK18unK36unR8unR17unR26unK23acK27me3
,"<a href=""http://www.uniprot.org/uniprot/#{histone.accessionNumber}"" target=""_blank"">P84244</a>",Histone H3.3,Mus musculus,"Male C57BL/6J mouse, liver",4,2017-06-05,veit,K23acR26me1K27me1K36me1,0.00025503,0,https://www.ebi.ac.uk/pride/archive/projects/PXD005300,ARTKQTARKSTGGKAPRKQLATKAARKSAPSTGGVKKPHRYRPGTVALRE,CrDB000105,"Middle-down proteomics on mouse tissues demonstrates that H3.3 accumulates to near saturation levels in the chromatin of various somatic mouse tissues by late adulthood. Accumulation of H3.3 is associated with profound changes in genome-wide levels of both individual and
combinatorial H3 modifications.",K4unK9unK14unK18unR8unR17unK23acR26me1K27me1K36me1
,"<a href=""http://www.uniprot.org/uniprot/#{histone.accessionNumber}"" target=""_blank"">P84244</a>",Histone H3.3,Mus musculus,"Male C57BL/6J mouse, liver",3,2017-06-05,veit,K23acR26me1K36me2,0.00015088,0,https://www.ebi.ac.uk/pride/archive/projects/PXD005300,ARTKQTARKSTGGKAPRKQLATKAARKSAPSTGGVKKPHRYRPGTVALRE,CrDB000105,"Middle-down proteomics on mouse tissues demonstrates that H3.3 accumulates to near saturation levels in the chromatin of various somatic mouse tissues by late adulthood. Accumulation of H3.3 is associated with profound changes in genome-wide levels of both individual and
combinatorial H3 modifications.",K4unK9unK14unK18unK27unR8unR17unK23acR26me1K36me2
,"<a href=""http://www.uniprot.org/uniprot/#{histone.accessionNumber}"" target=""_blank"">P84244</a>",Histone H3.3,Mus musculus,"Male C57BL/6J mouse, liver",3,2017-06-05,veit,K9me2K27me1K36me3,0.01014542,0,https://www.ebi.ac.uk/pride/archive/projects/PXD005300,ARTKQTARKSTGGKAPRKQLATKAARKSAPSTGGVKKPHRYRPGTVALRE,CrDB000105,"Middle-down proteomics on mouse tissues demonstrates that H3.3 accumulates to near saturation levels in the chromatin of various somatic mouse tissues by late adulthood. Accumulation of H3.3 is associated with profound changes in genome-wide levels of both individual and
combinatorial H3 modifications.",K4unK14unK18unK23unR8unR17unR26unK9me2K27me1K36me3
,"<a href=""http://www.uniprot.org/uniprot/#{histone.accessionNumber}"" target=""_blank"">P84244</a>",Histone H3.3,Mus musculus,"Male C57BL/6J mouse, liver",4,2017-06-05,veit,K9me1K14me1K27me2K36me2,0.01014714,0,https://www.ebi.ac.uk/pride/archive/projects/PXD005300,ARTKQTARKSTGGKAPRKQLATKAARKSAPSTGGVKKPHRYRPGTVALRE,CrDB000105,"Middle-down proteomics on mouse tissues demonstrates that H3.3 accumulates to near saturation levels in the chromatin of various somatic mouse tissues by late adulthood. Accumulation of H3.3 is associated with profound changes in genome-wide levels of both individual and
combinatorial H3 modifications.",K4unK18unK23unR8unR17unR26unK9me1K14me1K27me2K36me2
,"<a href=""http://www.uniprot.org/uniprot/#{histone.accessionNumber}"" target=""_blank"">P84244</a>",Histone H3.3,Mus musculus,"Male C57BL/6J mouse, liver",4,2017-06-05,veit,K4me1K9me1K27me2K36me2,0.00025608,0,https://www.ebi.ac.uk/pride/archive/projects/PXD005300,ARTKQTARKSTGGKAPRKQLATKAARKSAPSTGGVKKPHRYRPGTVALRE,CrDB000105,"Middle-down proteomics on mouse tissues demonstrates that H3.3 accumulates to near saturation levels in the chromatin of various somatic mouse tissues by late adulthood. Accumulation of H3.3 is associated with profound changes in genome-wide levels of both individual and
combinatorial H3 modifications.",K14unK18unK23unR8unR17unR26unK4me1K9me1K27me2K36me2
,"<a href=""http://www.uniprot.org/uniprot/#{histone.accessionNumber}"" target=""_blank"">P84244</a>",Histone H3.3,Mus musculus,"Male C57BL/6J mouse, liver",3,2017-06-05,veit,K9me2R26me1K36me3,3.815e-05,0,https://www.ebi.ac.uk/pride/archive/projects/PXD005300,ARTKQTARKSTGGKAPRKQLATKAARKSAPSTGGVKKPHRYRPGTVALRE,CrDB000105,"Middle-down proteomics on mouse tissues demonstrates that H3.3 accumulates to near saturation levels in the chromatin of various somatic mouse tissues by late adulthood. Accumulation of H3.3 is associated with profound changes in genome-wide levels of both individual and
combinatorial H3 modifications.",K4unK14unK18unK23unK27unR8unR17unK9me2R26me1K36me3
,"<a href=""http://www.uniprot.org/uniprot/#{histone.accessionNumber}"" target=""_blank"">P84244</a>",Histone H3.3,Mus musculus,"Male C57BL/6J mouse, liver",3,2017-06-05,veit,K9me2K14me1K36me3,0.00018016,0,https://www.ebi.ac.uk/pride/archive/projects/PXD005300,ARTKQTARKSTGGKAPRKQLATKAARKSAPSTGGVKKPHRYRPGTVALRE,CrDB000105,"Middle-down proteomics on mouse tissues demonstrates that H3.3 accumulates to near saturation levels in the chromatin of various somatic mouse tissues by late adulthood. Accumulation of H3.3 is associated with profound changes in genome-wide levels of both individual and
combinatorial H3 modifications.",K4unK18unK23unK27unR8unR17unR26unK9me2K14me1K36me3
,"<a href=""http://www.uniprot.org/uniprot/#{histone.accessionNumber}"" target=""_blank"">P84244</a>",Histone H3.3,Mus musculus,"Male C57BL/6J mouse, liver",2,2017-06-05,veit,K14acK23me3,6.314e-05,0,https://www.ebi.ac.uk/pride/archive/projects/PXD005300,ARTKQTARKSTGGKAPRKQLATKAARKSAPSTGGVKKPHRYRPGTVALRE,CrDB000105,"Middle-down proteomics on mouse tissues demonstrates that H3.3 accumulates to near saturation levels in the chromatin of various somatic mouse tissues by late adulthood. Accumulation of H3.3 is associated with profound changes in genome-wide levels of both individual and
combinatorial H3 modifications.",K4unK9unK18unK27unK36unR8unR17unR26unK14acK23me3
,"<a href=""http://www.uniprot.org/uniprot/#{histone.accessionNumber}"" target=""_blank"">P84244</a>",Histone H3.3,Mus musculus,"Male C57BL/6J mouse, liver",3,2017-06-05,veit,K14me3K27me1K36me2,0.0001932,0,https://www.ebi.ac.uk/pride/archive/projects/PXD005300,ARTKQTARKSTGGKAPRKQLATKAARKSAPSTGGVKKPHRYRPGTVALRE,CrDB000105,"Middle-down proteomics on mouse tissues demonstrates that H3.3 accumulates to near saturation levels in the chromatin of various somatic mouse tissues by late adulthood. Accumulation of H3.3 is associated with profound changes in genome-wide levels of both individual and
combinatorial H3 modifications.",K4unK9unK18unK23unR8unR17unR26unK14me3K27me1K36me2
,"<a href=""http://www.uniprot.org/uniprot/#{histone.accessionNumber}"" target=""_blank"">P84244</a>",Histone H3.3,Mus musculus,"Male C57BL/6J mouse, liver",3,2017-06-05,veit,K14acR26me1K27me2,4.835e-05,0,https://www.ebi.ac.uk/pride/archive/projects/PXD005300,ARTKQTARKSTGGKAPRKQLATKAARKSAPSTGGVKKPHRYRPGTVALRE,CrDB000105,"Middle-down proteomics on mouse tissues demonstrates that H3.3 accumulates to near saturation levels in the chromatin of various somatic mouse tissues by late adulthood. Accumulation of H3.3 is associated with profound changes in genome-wide levels of both individual and
combinatorial H3 modifications.",K4unK9unK18unK23unK36unR8unR17unK14acR26me1K27me2
,"<a href=""http://www.uniprot.org/uniprot/#{histone.accessionNumber}"" target=""_blank"">P84244</a>",Histone H3.3,Mus musculus,"Male C57BL/6J mouse, liver",2,2017-06-05,veit,K23me3K27me3,0.0001762,0,https://www.ebi.ac.uk/pride/archive/projects/PXD005300,ARTKQTARKSTGGKAPRKQLATKAARKSAPSTGGVKKPHRYRPGTVALRE,CrDB000105,"Middle-down proteomics on mouse tissues demonstrates that H3.3 accumulates to near saturation levels in the chromatin of various somatic mouse tissues by late adulthood. Accumulation of H3.3 is associated with profound changes in genome-wide levels of both individual and
combinatorial H3 modifications.",K4unK9unK14unK18unK36unR8unR17unR26unK23me3K27me3
,"<a href=""http://www.uniprot.org/uniprot/#{histone.accessionNumber}"" target=""_blank"">P84244</a>",Histone H3.3,Mus musculus,"Male C57BL/6J mouse, liver",3,2017-06-05,veit,K9me2K14acK36me1,0.00021147,0,https://www.ebi.ac.uk/pride/archive/projects/PXD005300,ARTKQTARKSTGGKAPRKQLATKAARKSAPSTGGVKKPHRYRPGTVALRE,CrDB000105,"Middle-down proteomics on mouse tissues demonstrates that H3.3 accumulates to near saturation levels in the chromatin of various somatic mouse tissues by late adulthood. Accumulation of H3.3 is associated with profound changes in genome-wide levels of both individual and
combinatorial H3 modifications.",K4unK18unK23unK27unR8unR17unR26unK9me2K14acK36me1
,"<a href=""http://www.uniprot.org/uniprot/#{histone.accessionNumber}"" target=""_blank"">P84244</a>",Histone H3.3,Mus musculus,"Male C57BL/6J mouse, liver",2,2017-06-05,veit,K14acK36me3,0.00050447,0,https://www.ebi.ac.uk/pride/archive/projects/PXD005300,ARTKQTARKSTGGKAPRKQLATKAARKSAPSTGGVKKPHRYRPGTVALRE,CrDB000105,"Middle-down proteomics on mouse tissues demonstrates that H3.3 accumulates to near saturation levels in the chromatin of various somatic mouse tissues by late adulthood. Accumulation of H3.3 is associated with profound changes in genome-wide levels of both individual and
combinatorial H3 modifications.",K4unK9unK18unK23unK27unR8unR17unR26unK14acK36me3
,"<a href=""http://www.uniprot.org/uniprot/#{histone.accessionNumber}"" target=""_blank"">P84244</a>",Histone H3.3,Mus musculus,"Male C57BL/6J mouse, liver",3,2017-06-05,veit,K9me3K27me1K36me2,0.00027115,0,https://www.ebi.ac.uk/pride/archive/projects/PXD005300,ARTKQTARKSTGGKAPRKQLATKAARKSAPSTGGVKKPHRYRPGTVALRE,CrDB000105,"Middle-down proteomics on mouse tissues demonstrates that H3.3 accumulates to near saturation levels in the chromatin of various somatic mouse tissues by late adulthood. Accumulation of H3.3 is associated with profound changes in genome-wide levels of both individual and
combinatorial H3 modifications.",K4unK14unK18unK23unR8unR17unR26unK9me3K27me1K36me2
,"<a href=""http://www.uniprot.org/uniprot/#{histone.accessionNumber}"" target=""_blank"">P84228</a>",Histone H3.2,Mus musculus,"Male C57BL/6J mouse, liver",3,2017-06-05,veit,K9me2K14acK27me3,0.02111607,0,https://www.ebi.ac.uk/pride/archive/projects/PXD005300,ARTKQTARKSTGGKAPRKQLATKAARKSAPATGGVKKPHRYRPGTVALRE,CrDB000105,"Middle-down proteomics on mouse tissues demonstrates that H3.3 accumulates to near saturation levels in the chromatin of various somatic mouse tissues by late adulthood. Accumulation of H3.3 is associated with profound changes in genome-wide levels of both individual and
combinatorial H3 modifications.",K4unK18unK23unK36unR8unR17unR26unK9me2K14acK27me3
,"<a href=""http://www.uniprot.org/uniprot/#{histone.accessionNumber}"" target=""_blank"">P84228</a>",Histone H3.2,Mus musculus,"Male C57BL/6J mouse, liver",3,2017-06-05,veit,K9me2K18acK27me3,0.00236208,0,https://www.ebi.ac.uk/pride/archive/projects/PXD005300,ARTKQTARKSTGGKAPRKQLATKAARKSAPATGGVKKPHRYRPGTVALRE,CrDB000105,"Middle-down proteomics on mouse tissues demonstrates that H3.3 accumulates to near saturation levels in the chromatin of various somatic mouse tissues by late adulthood. Accumulation of H3.3 is associated with profound changes in genome-wide levels of both individual and
combinatorial H3 modifications.",K4unK14unK23unK36unR8unR17unR26unK9me2K18acK27me3
,"<a href=""http://www.uniprot.org/uniprot/#{histone.accessionNumber}"" target=""_blank"">P84228</a>",Histone H3.2,Mus musculus,"Male C57BL/6J mouse, liver",4,2017-06-05,veit,K9me1K14acK18me1K27me3,0.00052449,0,https://www.ebi.ac.uk/pride/archive/projects/PXD005300,ARTKQTARKSTGGKAPRKQLATKAARKSAPATGGVKKPHRYRPGTVALRE,CrDB000105,"Middle-down proteomics on mouse tissues demonstrates that H3.3 accumulates to near saturation levels in the chromatin of various somatic mouse tissues by late adulthood. Accumulation of H3.3 is associated with profound changes in genome-wide levels of both individual and
combinatorial H3 modifications.",K4unK23unK36unR8unR17unR26unK9me1K14acK18me1K27me3
,"<a href=""http://www.uniprot.org/uniprot/#{histone.accessionNumber}"" target=""_blank"">P84228</a>",Histone H3.2,Mus musculus,"Male C57BL/6J mouse, liver",4,2017-06-05,veit,K9me1K14acK27me2K36me2,0.00032559,0,https://www.ebi.ac.uk/pride/archive/projects/PXD005300,ARTKQTARKSTGGKAPRKQLATKAARKSAPATGGVKKPHRYRPGTVALRE,CrDB000105,"Middle-down proteomics on mouse tissues demonstrates that H3.3 accumulates to near saturation levels in the chromatin of various somatic mouse tissues by late adulthood. Accumulation of H3.3 is associated with profound changes in genome-wide levels of both individual and
combinatorial H3 modifications.",K4unK18unK23unR8unR17unR26unK9me1K14acK27me2K36me2
,"<a href=""http://www.uniprot.org/uniprot/#{histone.accessionNumber}"" target=""_blank"">P84244</a>",Histone H3.3,Mus musculus,"Male C57BL/6J mouse, liver",3,2017-06-05,veit,K23acK27me2K36me2,0.0168542,0,https://www.ebi.ac.uk/pride/archive/projects/PXD005300,ARTKQTARKSTGGKAPRKQLATKAARKSAPSTGGVKKPHRYRPGTVALRE,CrDB000105,"Middle-down proteomics on mouse tissues demonstrates that H3.3 accumulates to near saturation levels in the chromatin of various somatic mouse tissues by late adulthood. Accumulation of H3.3 is associated with profound changes in genome-wide levels of both individual and
combinatorial H3 modifications.",K4unK9unK14unK18unR8unR17unR26unK23acK27me2K36me2
,"<a href=""http://www.uniprot.org/uniprot/#{histone.accessionNumber}"" target=""_blank"">P84244</a>",Histone H3.3,Mus musculus,"Male C57BL/6J mouse, liver",4,2017-06-05,veit,K18me1K23me2K27me2K36me2,8.997e-05,0,https://www.ebi.ac.uk/pride/archive/projects/PXD005300,ARTKQTARKSTGGKAPRKQLATKAARKSAPSTGGVKKPHRYRPGTVALRE,CrDB000105,"Middle-down proteomics on mouse tissues demonstrates that H3.3 accumulates to near saturation levels in the chromatin of various somatic mouse tissues by late adulthood. Accumulation of H3.3 is associated with profound changes in genome-wide levels of both individual and
combinatorial H3 modifications.",K4unK9unK14unR8unR17unR26unK18me1K23me2K27me2K36me2
,"<a href=""http://www.uniprot.org/uniprot/#{histone.accessionNumber}"" target=""_blank"">P84244</a>",Histone H3.3,Mus musculus,"Male C57BL/6J mouse, liver",3,2017-06-05,veit,K23acK27acK36me1,0.00046488,0,https://www.ebi.ac.uk/pride/archive/projects/PXD005300,ARTKQTARKSTGGKAPRKQLATKAARKSAPSTGGVKKPHRYRPGTVALRE,CrDB000105,"Middle-down proteomics on mouse tissues demonstrates that H3.3 accumulates to near saturation levels in the chromatin of various somatic mouse tissues by late adulthood. Accumulation of H3.3 is associated with profound changes in genome-wide levels of both individual and
combinatorial H3 modifications.",K4unK9unK14unK18unR8unR17unR26unK23acK27acK36me1
,"<a href=""http://www.uniprot.org/uniprot/#{histone.accessionNumber}"" target=""_blank"">P84244</a>",Histone H3.3,Mus musculus,"Male C57BL/6J mouse, liver",3,2017-06-05,veit,K14acK27me2K36me2,0.02744128,0,https://www.ebi.ac.uk/pride/archive/projects/PXD005300,ARTKQTARKSTGGKAPRKQLATKAARKSAPSTGGVKKPHRYRPGTVALRE,CrDB000105,"Middle-down proteomics on mouse tissues demonstrates that H3.3 accumulates to near saturation levels in the chromatin of various somatic mouse tissues by late adulthood. Accumulation of H3.3 is associated with profound changes in genome-wide levels of both individual and
combinatorial H3 modifications.",K4unK9unK18unK23unR8unR17unR26unK14acK27me2K36me2
,"<a href=""http://www.uniprot.org/uniprot/#{histone.accessionNumber}"" target=""_blank"">P84244</a>",Histone H3.3,Mus musculus,"Male C57BL/6J mouse, liver",3,2017-06-05,veit,K14acR26me2K36me2,0.00695383,0,https://www.ebi.ac.uk/pride/archive/projects/PXD005300,ARTKQTARKSTGGKAPRKQLATKAARKSAPSTGGVKKPHRYRPGTVALRE,CrDB000105,"Middle-down proteomics on mouse tissues demonstrates that H3.3 accumulates to near saturation levels in the chromatin of various somatic mouse tissues by late adulthood. Accumulation of H3.3 is associated with profound changes in genome-wide levels of both individual and
combinatorial H3 modifications.",K4unK9unK18unK23unK27unR8unR17unK14acR26me2K36me2
,"<a href=""http://www.uniprot.org/uniprot/#{histone.accessionNumber}"" target=""_blank"">P84244</a>",Histone H3.3,Mus musculus,"Male C57BL/6J mouse, liver",3,2017-06-05,veit,K23acR26me2K36me2,0.00075944,0,https://www.ebi.ac.uk/pride/archive/projects/PXD005300,ARTKQTARKSTGGKAPRKQLATKAARKSAPSTGGVKKPHRYRPGTVALRE,CrDB000105,"Middle-down proteomics on mouse tissues demonstrates that H3.3 accumulates to near saturation levels in the chromatin of various somatic mouse tissues by late adulthood. Accumulation of H3.3 is associated with profound changes in genome-wide levels of both individual and
combinatorial H3 modifications.",K4unK9unK14unK18unK27unR8unR17unK23acR26me2K36me2
,"<a href=""http://www.uniprot.org/uniprot/#{histone.accessionNumber}"" target=""_blank"">P84244</a>",Histone H3.3,Mus musculus,"Male C57BL/6J mouse, liver",4,2017-06-05,veit,K9me2K23me1K27me1K36me3,0.00017741,0,https://www.ebi.ac.uk/pride/archive/projects/PXD005300,ARTKQTARKSTGGKAPRKQLATKAARKSAPSTGGVKKPHRYRPGTVALRE,CrDB000105,"Middle-down proteomics on mouse tissues demonstrates that H3.3 accumulates to near saturation levels in the chromatin of various somatic mouse tissues by late adulthood. Accumulation of H3.3 is associated with profound changes in genome-wide levels of both individual and
combinatorial H3 modifications.",K4unK14unK18unR8unR17unR26unK9me2K23me1K27me1K36me3
,"<a href=""http://www.uniprot.org/uniprot/#{histone.accessionNumber}"" target=""_blank"">P84244</a>",Histone H3.3,Mus musculus,"Male C57BL/6J mouse, liver",3,2017-06-05,veit,K23acK27me3K36me1,0.00112453,0,https://www.ebi.ac.uk/pride/archive/projects/PXD005300,ARTKQTARKSTGGKAPRKQLATKAARKSAPSTGGVKKPHRYRPGTVALRE,CrDB000105,"Middle-down proteomics on mouse tissues demonstrates that H3.3 accumulates to near saturation levels in the chromatin of various somatic mouse tissues by late adulthood. Accumulation of H3.3 is associated with profound changes in genome-wide levels of both individual and
combinatorial H3 modifications.",K4unK9unK14unK18unR8unR17unR26unK23acK27me3K36me1
,"<a href=""http://www.uniprot.org/uniprot/#{histone.accessionNumber}"" target=""_blank"">P84244</a>",Histone H3.3,Mus musculus,"Male C57BL/6J mouse, liver",4,2017-06-05,veit,K14acK23me1K27me1K36me2,0.00061855,0,https://www.ebi.ac.uk/pride/archive/projects/PXD005300,ARTKQTARKSTGGKAPRKQLATKAARKSAPSTGGVKKPHRYRPGTVALRE,CrDB000105,"Middle-down proteomics on mouse tissues demonstrates that H3.3 accumulates to near saturation levels in the chromatin of various somatic mouse tissues by late adulthood. Accumulation of H3.3 is associated with profound changes in genome-wide levels of both individual and
combinatorial H3 modifications.",K4unK9unK18unR8unR17unR26unK14acK23me1K27me1K36me2
,"<a href=""http://www.uniprot.org/uniprot/#{histone.accessionNumber}"" target=""_blank"">P84244</a>",Histone H3.3,Mus musculus,"Male C57BL/6J mouse, liver",3,2017-06-05,veit,K18acK27me2K36me2,0.00463582,0,https://www.ebi.ac.uk/pride/archive/projects/PXD005300,ARTKQTARKSTGGKAPRKQLATKAARKSAPSTGGVKKPHRYRPGTVALRE,CrDB000105,"Middle-down proteomics on mouse tissues demonstrates that H3.3 accumulates to near saturation levels in the chromatin of various somatic mouse tissues by late adulthood. Accumulation of H3.3 is associated with profound changes in genome-wide levels of both individual and
combinatorial H3 modifications.",K4unK9unK14unK23unR8unR17unR26unK18acK27me2K36me2
,"<a href=""http://www.uniprot.org/uniprot/#{histone.accessionNumber}"" target=""_blank"">P84244</a>",Histone H3.3,Mus musculus,"Male C57BL/6J mouse, liver",3,2017-06-05,veit,K14acR26me1K27me3,0.00014364,0,https://www.ebi.ac.uk/pride/archive/projects/PXD005300,ARTKQTARKSTGGKAPRKQLATKAARKSAPSTGGVKKPHRYRPGTVALRE,CrDB000105,"Middle-down proteomics on mouse tissues demonstrates that H3.3 accumulates to near saturation levels in the chromatin of various somatic mouse tissues by late adulthood. Accumulation of H3.3 is associated with profound changes in genome-wide levels of both individual and
combinatorial H3 modifications.",K4unK9unK18unK23unK36unR8unR17unK14acR26me1K27me3
,"<a href=""http://www.uniprot.org/uniprot/#{histone.accessionNumber}"" target=""_blank"">P84244</a>",Histone H3.3,Mus musculus,"Male C57BL/6J mouse, liver",3,2017-06-05,veit,K14acR26me1K36me3,9.394e-05,0,https://www.ebi.ac.uk/pride/archive/projects/PXD005300,ARTKQTARKSTGGKAPRKQLATKAARKSAPSTGGVKKPHRYRPGTVALRE,CrDB000105,"Middle-down proteomics on mouse tissues demonstrates that H3.3 accumulates to near saturation levels in the chromatin of various somatic mouse tissues by late adulthood. Accumulation of H3.3 is associated with profound changes in genome-wide levels of both individual and
combinatorial H3 modifications.",K4unK9unK18unK23unK27unR8unR17unK14acR26me1K36me3
,"<a href=""http://www.uniprot.org/uniprot/#{histone.accessionNumber}"" target=""_blank"">P84244</a>",Histone H3.3,Mus musculus,"Male C57BL/6J mouse, liver",3,2017-06-05,veit,K23acK27me1K36me3,0.0005274,0,https://www.ebi.ac.uk/pride/archive/projects/PXD005300,ARTKQTARKSTGGKAPRKQLATKAARKSAPSTGGVKKPHRYRPGTVALRE,CrDB000105,"Middle-down proteomics on mouse tissues demonstrates that H3.3 accumulates to near saturation levels in the chromatin of various somatic mouse tissues by late adulthood. Accumulation of H3.3 is associated with profound changes in genome-wide levels of both individual and
combinatorial H3 modifications.",K4unK9unK14unK18unR8unR17unR26unK23acK27me1K36me3
,"<a href=""http://www.uniprot.org/uniprot/#{histone.accessionNumber}"" target=""_blank"">P84244</a>",Histone H3.3,Mus musculus,"Male C57BL/6J mouse, liver",3,2017-06-05,veit,K14acK27me3K36me1,0.00363975,0,https://www.ebi.ac.uk/pride/archive/projects/PXD005300,ARTKQTARKSTGGKAPRKQLATKAARKSAPSTGGVKKPHRYRPGTVALRE,CrDB000105,"Middle-down proteomics on mouse tissues demonstrates that H3.3 accumulates to near saturation levels in the chromatin of various somatic mouse tissues by late adulthood. Accumulation of H3.3 is associated with profound changes in genome-wide levels of both individual and
combinatorial H3 modifications.",K4unK9unK18unK23unR8unR17unR26unK14acK27me3K36me1
,"<a href=""http://www.uniprot.org/uniprot/#{histone.accessionNumber}"" target=""_blank"">P84244</a>",Histone H3.3,Mus musculus,"Male C57BL/6J mouse, liver",3,2017-06-05,veit,K14acR26me2K27me2,0.0012628,0,https://www.ebi.ac.uk/pride/archive/projects/PXD005300,ARTKQTARKSTGGKAPRKQLATKAARKSAPSTGGVKKPHRYRPGTVALRE,CrDB000105,"Middle-down proteomics on mouse tissues demonstrates that H3.3 accumulates to near saturation levels in the chromatin of various somatic mouse tissues by late adulthood. Accumulation of H3.3 is associated with profound changes in genome-wide levels of both individual and
combinatorial H3 modifications.",K4unK9unK18unK23unK36unR8unR17unK14acR26me2K27me2
,"<a href=""http://www.uniprot.org/uniprot/#{histone.accessionNumber}"" target=""_blank"">P84244</a>",Histone H3.3,Mus musculus,"Male C57BL/6J mouse, liver",3,2017-06-05,veit,K14acK23me2K27me2,0.00055802,0,https://www.ebi.ac.uk/pride/archive/projects/PXD005300,ARTKQTARKSTGGKAPRKQLATKAARKSAPSTGGVKKPHRYRPGTVALRE,CrDB000105,"Middle-down proteomics on mouse tissues demonstrates that H3.3 accumulates to near saturation levels in the chromatin of various somatic mouse tissues by late adulthood. Accumulation of H3.3 is associated with profound changes in genome-wide levels of both individual and
combinatorial H3 modifications.",K4unK9unK18unK36unR8unR17unR26unK14acK23me2K27me2
,"<a href=""http://www.uniprot.org/uniprot/#{histone.accessionNumber}"" target=""_blank"">P84244</a>",Histone H3.3,Mus musculus,"Male C57BL/6J mouse, liver",3,2017-06-05,veit,K14acK23me1K27me3,0.00074188,0,https://www.ebi.ac.uk/pride/archive/projects/PXD005300,ARTKQTARKSTGGKAPRKQLATKAARKSAPSTGGVKKPHRYRPGTVALRE,CrDB000105,"Middle-down proteomics on mouse tissues demonstrates that H3.3 accumulates to near saturation levels in the chromatin of various somatic mouse tissues by late adulthood. Accumulation of H3.3 is associated with profound changes in genome-wide levels of both individual and
combinatorial H3 modifications.",K4unK9unK18unK36unR8unR17unR26unK14acK23me1K27me3
,"<a href=""http://www.uniprot.org/uniprot/#{histone.accessionNumber}"" target=""_blank"">P84244</a>",Histone H3.3,Mus musculus,"Male C57BL/6J mouse, liver",3,2017-06-05,veit,K14acR17me2K36me2,8.148e-05,0,https://www.ebi.ac.uk/pride/archive/projects/PXD005300,ARTKQTARKSTGGKAPRKQLATKAARKSAPSTGGVKKPHRYRPGTVALRE,CrDB000105,"Middle-down proteomics on mouse tissues demonstrates that H3.3 accumulates to near saturation levels in the chromatin of various somatic mouse tissues by late adulthood. Accumulation of H3.3 is associated with profound changes in genome-wide levels of both individual and
combinatorial H3 modifications.",K4unK9unK18unK23unK27unR8unR26unK14acR17me2K36me2
,"<a href=""http://www.uniprot.org/uniprot/#{histone.accessionNumber}"" target=""_blank"">P84244</a>",Histone H3.3,Mus musculus,"Male C57BL/6J mouse, liver",3,2017-06-05,veit,K9me3K27me2K36me2,0.00233977,0,https://www.ebi.ac.uk/pride/archive/projects/PXD005300,ARTKQTARKSTGGKAPRKQLATKAARKSAPSTGGVKKPHRYRPGTVALRE,CrDB000105,"Middle-down proteomics on mouse tissues demonstrates that H3.3 accumulates to near saturation levels in the chromatin of various somatic mouse tissues by late adulthood. Accumulation of H3.3 is associated with profound changes in genome-wide levels of both individual and
combinatorial H3 modifications.",K4unK14unK18unK23unR8unR17unR26unK9me3K27me2K36me2
,"<a href=""http://www.uniprot.org/uniprot/#{histone.accessionNumber}"" target=""_blank"">P84244</a>",Histone H3.3,Mus musculus,"Male C57BL/6J mouse, liver",4,2017-06-05,veit,R17me2R26me1K27me2K36me2,0.00061972,0,https://www.ebi.ac.uk/pride/archive/projects/PXD005300,ARTKQTARKSTGGKAPRKQLATKAARKSAPSTGGVKKPHRYRPGTVALRE,CrDB000105,"Middle-down proteomics on mouse tissues demonstrates that H3.3 accumulates to near saturation levels in the chromatin of various somatic mouse tissues by late adulthood. Accumulation of H3.3 is associated with profound changes in genome-wide levels of both individual and
combinatorial H3 modifications.",K4unK9unK14unK18unK23unR8unR17me2R26me1K27me2K36me2
,"<a href=""http://www.uniprot.org/uniprot/#{histone.accessionNumber}"" target=""_blank"">P84244</a>",Histone H3.3,Mus musculus,"Male C57BL/6J mouse, liver",3,2017-06-05,veit,K23me3K27me2K36me2,0.00019312,0,https://www.ebi.ac.uk/pride/archive/projects/PXD005300,ARTKQTARKSTGGKAPRKQLATKAARKSAPSTGGVKKPHRYRPGTVALRE,CrDB000105,"Middle-down proteomics on mouse tissues demonstrates that H3.3 accumulates to near saturation levels in the chromatin of various somatic mouse tissues by late adulthood. Accumulation of H3.3 is associated with profound changes in genome-wide levels of both individual and
combinatorial H3 modifications.",K4unK9unK14unK18unR8unR17unR26unK23me3K27me2K36me2
,"<a href=""http://www.uniprot.org/uniprot/#{histone.accessionNumber}"" target=""_blank"">P84244</a>",Histone H3.3,Mus musculus,"Male C57BL/6J mouse, liver",4,2017-06-05,veit,K9me1K14me1K27me3K36me2,0.00052861,0,https://www.ebi.ac.uk/pride/archive/projects/PXD005300,ARTKQTARKSTGGKAPRKQLATKAARKSAPSTGGVKKPHRYRPGTVALRE,CrDB000105,"Middle-down proteomics on mouse tissues demonstrates that H3.3 accumulates to near saturation levels in the chromatin of various somatic mouse tissues by late adulthood. Accumulation of H3.3 is associated with profound changes in genome-wide levels of both individual and
combinatorial H3 modifications.",K4unK18unK23unR8unR17unR26unK9me1K14me1K27me3K36me2
,"<a href=""http://www.uniprot.org/uniprot/#{histone.accessionNumber}"" target=""_blank"">P84244</a>",Histone H3.3,Mus musculus,"Male C57BL/6J mouse, liver",4,2017-06-05,veit,K14me1K18me1K23acK36me2,8.944e-05,0,https://www.ebi.ac.uk/pride/archive/projects/PXD005300,ARTKQTARKSTGGKAPRKQLATKAARKSAPSTGGVKKPHRYRPGTVALRE,CrDB000105,"Middle-down proteomics on mouse tissues demonstrates that H3.3 accumulates to near saturation levels in the chromatin of various somatic mouse tissues by late adulthood. Accumulation of H3.3 is associated with profound changes in genome-wide levels of both individual and
combinatorial H3 modifications.",K4unK9unK27unR8unR17unR26unK14me1K18me1K23acK36me2
,"<a href=""http://www.uniprot.org/uniprot/#{histone.accessionNumber}"" target=""_blank"">P84244</a>",Histone H3.3,Mus musculus,"Male C57BL/6J mouse, liver",4,2017-06-05,veit,K9me2K14acK27me1K36me1,0.00139,0,https://www.ebi.ac.uk/pride/archive/projects/PXD005300,ARTKQTARKSTGGKAPRKQLATKAARKSAPSTGGVKKPHRYRPGTVALRE,CrDB000105,"Middle-down proteomics on mouse tissues demonstrates that H3.3 accumulates to near saturation levels in the chromatin of various somatic mouse tissues by late adulthood. Accumulation of H3.3 is associated with profound changes in genome-wide levels of both individual and
combinatorial H3 modifications.",K4unK18unK23unR8unR17unR26unK9me2K14acK27me1K36me1
,"<a href=""http://www.uniprot.org/uniprot/#{histone.accessionNumber}"" target=""_blank"">P84228</a>",Histone H3.2,Mus musculus,"Male C57BL/6J mouse, liver",5,2017-06-05,veit,K9me1K14acK18me1K27me2K36me2,0.00574825,0,https://www.ebi.ac.uk/pride/archive/projects/PXD005300,ARTKQTARKSTGGKAPRKQLATKAARKSAPATGGVKKPHRYRPGTVALRE,CrDB000105,"Middle-down proteomics on mouse tissues demonstrates that H3.3 accumulates to near saturation levels in the chromatin of various somatic mouse tissues by late adulthood. Accumulation of H3.3 is associated with profound changes in genome-wide levels of both individual and
combinatorial H3 modifications.",K4unK23unR8unR17unR26unK9me1K14acK18me1K27me2K36me2
,"<a href=""http://www.uniprot.org/uniprot/#{histone.accessionNumber}"" target=""_blank"">P84244</a>",Histone H3.3,Mus musculus,"Male C57BL/6J mouse, liver",3,2017-06-05,veit,K14acK23me3K27me2,0.00293019,0,https://www.ebi.ac.uk/pride/archive/projects/PXD005300,ARTKQTARKSTGGKAPRKQLATKAARKSAPSTGGVKKPHRYRPGTVALRE,CrDB000105,"Middle-down proteomics on mouse tissues demonstrates that H3.3 accumulates to near saturation levels in the chromatin of various somatic mouse tissues by late adulthood. Accumulation of H3.3 is associated with profound changes in genome-wide levels of both individual and
combinatorial H3 modifications.",K4unK9unK18unK36unR8unR17unR26unK14acK23me3K27me2
,"<a href=""http://www.uniprot.org/uniprot/#{histone.accessionNumber}"" target=""_blank"">P84244</a>",Histone H3.3,Mus musculus,"Male C57BL/6J mouse, liver",3,2017-06-05,veit,K9me2K18acK27me3,0.00480877,0,https://www.ebi.ac.uk/pride/archive/projects/PXD005300,ARTKQTARKSTGGKAPRKQLATKAARKSAPSTGGVKKPHRYRPGTVALRE,CrDB000105,"Middle-down proteomics on mouse tissues demonstrates that H3.3 accumulates to near saturation levels in the chromatin of various somatic mouse tissues by late adulthood. Accumulation of H3.3 is associated with profound changes in genome-wide levels of both individual and
combinatorial H3 modifications.",K4unK14unK23unK36unR8unR17unR26unK9me2K18acK27me3
,"<a href=""http://www.uniprot.org/uniprot/#{histone.accessionNumber}"" target=""_blank"">P84244</a>",Histone H3.3,Mus musculus,"Male C57BL/6J mouse, liver",3,2017-06-05,veit,K9me2K14acK27me3,0.01137268,0,https://www.ebi.ac.uk/pride/archive/projects/PXD005300,ARTKQTARKSTGGKAPRKQLATKAARKSAPSTGGVKKPHRYRPGTVALRE,CrDB000105,"Middle-down proteomics on mouse tissues demonstrates that H3.3 accumulates to near saturation levels in the chromatin of various somatic mouse tissues by late adulthood. Accumulation of H3.3 is associated with profound changes in genome-wide levels of both individual and
combinatorial H3 modifications.",K4unK18unK23unK36unR8unR17unR26unK9me2K14acK27me3
,"<a href=""http://www.uniprot.org/uniprot/#{histone.accessionNumber}"" target=""_blank"">P84244</a>",Histone H3.3,Mus musculus,"Male C57BL/6J mouse, liver",3,2017-06-05,veit,K14acK18acK27me2,0.00472331,0,https://www.ebi.ac.uk/pride/archive/projects/PXD005300,ARTKQTARKSTGGKAPRKQLATKAARKSAPSTGGVKKPHRYRPGTVALRE,CrDB000105,"Middle-down proteomics on mouse tissues demonstrates that H3.3 accumulates to near saturation levels in the chromatin of various somatic mouse tissues by late adulthood. Accumulation of H3.3 is associated with profound changes in genome-wide levels of both individual and
combinatorial H3 modifications.",K4unK9unK23unK36unR8unR17unR26unK14acK18acK27me2
,"<a href=""http://www.uniprot.org/uniprot/#{histone.accessionNumber}"" target=""_blank"">P84244</a>",Histone H3.3,Mus musculus,"Male C57BL/6J mouse, liver",3,2017-06-05,veit,K9me2K18acK36me3,0.00209247,0,https://www.ebi.ac.uk/pride/archive/projects/PXD005300,ARTKQTARKSTGGKAPRKQLATKAARKSAPSTGGVKKPHRYRPGTVALRE,CrDB000105,"Middle-down proteomics on mouse tissues demonstrates that H3.3 accumulates to near saturation levels in the chromatin of various somatic mouse tissues by late adulthood. Accumulation of H3.3 is associated with profound changes in genome-wide levels of both individual and
combinatorial H3 modifications.",K4unK14unK23unK27unR8unR17unR26unK9me2K18acK36me3
,"<a href=""http://www.uniprot.org/uniprot/#{histone.accessionNumber}"" target=""_blank"">P84244</a>",Histone H3.3,Mus musculus,"Male C57BL/6J mouse, liver",3,2017-06-05,veit,K18acK23acK27me2,0.00016374,0,https://www.ebi.ac.uk/pride/archive/projects/PXD005300,ARTKQTARKSTGGKAPRKQLATKAARKSAPSTGGVKKPHRYRPGTVALRE,CrDB000105,"Middle-down proteomics on mouse tissues demonstrates that H3.3 accumulates to near saturation levels in the chromatin of various somatic mouse tissues by late adulthood. Accumulation of H3.3 is associated with profound changes in genome-wide levels of both individual and
combinatorial H3 modifications.",K4unK9unK14unK36unR8unR17unR26unK18acK23acK27me2
,"<a href=""http://www.uniprot.org/uniprot/#{histone.accessionNumber}"" target=""_blank"">P84244</a>",Histone H3.3,Mus musculus,"Male C57BL/6J mouse, liver",3,2017-06-05,veit,K14acK18acK36me2,8.952e-05,0,https://www.ebi.ac.uk/pride/archive/projects/PXD005300,ARTKQTARKSTGGKAPRKQLATKAARKSAPSTGGVKKPHRYRPGTVALRE,CrDB000105,"Middle-down proteomics on mouse tissues demonstrates that H3.3 accumulates to near saturation levels in the chromatin of various somatic mouse tissues by late adulthood. Accumulation of H3.3 is associated with profound changes in genome-wide levels of both individual and
combinatorial H3 modifications.",K4unK9unK23unK27unR8unR17unR26unK14acK18acK36me2
,"<a href=""http://www.uniprot.org/uniprot/#{histone.accessionNumber}"" target=""_blank"">P84244</a>",Histone H3.3,Mus musculus,"Male C57BL/6J mouse, liver",4,2017-06-05,veit,K9me2K23acK27acK36me1,0.00177543,0,https://www.ebi.ac.uk/pride/archive/projects/PXD005300,ARTKQTARKSTGGKAPRKQLATKAARKSAPSTGGVKKPHRYRPGTVALRE,CrDB000105,"Middle-down proteomics on mouse tissues demonstrates that H3.3 accumulates to near saturation levels in the chromatin of various somatic mouse tissues by late adulthood. Accumulation of H3.3 is associated with profound changes in genome-wide levels of both individual and
combinatorial H3 modifications.",K4unK14unK18unR8unR17unR26unK9me2K23acK27acK36me1
,"<a href=""http://www.uniprot.org/uniprot/#{histone.accessionNumber}"" target=""_blank"">P84244</a>",Histone H3.3,Mus musculus,"Male C57BL/6J mouse, liver",3,2017-06-05,veit,K9me2K14acK36me3,0.00498009,0,https://www.ebi.ac.uk/pride/archive/projects/PXD005300,ARTKQTARKSTGGKAPRKQLATKAARKSAPSTGGVKKPHRYRPGTVALRE,CrDB000105,"Middle-down proteomics on mouse tissues demonstrates that H3.3 accumulates to near saturation levels in the chromatin of various somatic mouse tissues by late adulthood. Accumulation of H3.3 is associated with profound changes in genome-wide levels of both individual and
combinatorial H3 modifications.",K4unK18unK23unK27unR8unR17unR26unK9me2K14acK36me3
,"<a href=""http://www.uniprot.org/uniprot/#{histone.accessionNumber}"" target=""_blank"">P84244</a>",Histone H3.3,Mus musculus,"Male C57BL/6J mouse, liver",3,2017-06-05,veit,K23acK27me3K36me2,0.00010079,0,https://www.ebi.ac.uk/pride/archive/projects/PXD005300,ARTKQTARKSTGGKAPRKQLATKAARKSAPSTGGVKKPHRYRPGTVALRE,CrDB000105,"Middle-down proteomics on mouse tissues demonstrates that H3.3 accumulates to near saturation levels in the chromatin of various somatic mouse tissues by late adulthood. Accumulation of H3.3 is associated with profound changes in genome-wide levels of both individual and
combinatorial H3 modifications.",K4unK9unK14unK18unR8unR17unR26unK23acK27me3K36me2
,"<a href=""http://www.uniprot.org/uniprot/#{histone.accessionNumber}"" target=""_blank"">P84244</a>",Histone H3.3,Mus musculus,"Male C57BL/6J mouse, liver",4,2017-06-05,veit,K9me1K14acK27me2K36me2,0.01032253,0,https://www.ebi.ac.uk/pride/archive/projects/PXD005300,ARTKQTARKSTGGKAPRKQLATKAARKSAPSTGGVKKPHRYRPGTVALRE,CrDB000105,"Middle-down proteomics on mouse tissues demonstrates that H3.3 accumulates to near saturation levels in the chromatin of various somatic mouse tissues by late adulthood. Accumulation of H3.3 is associated with profound changes in genome-wide levels of both individual and
combinatorial H3 modifications.",K4unK18unK23unR8unR17unR26unK9me1K14acK27me2K36me2
,"<a href=""http://www.uniprot.org/uniprot/#{histone.accessionNumber}"" target=""_blank"">P84244</a>",Histone H3.3,Mus musculus,"Male C57BL/6J mouse, liver",4,2017-06-05,veit,R8me1K14acK27me2K36me2,0.00024966,0,https://www.ebi.ac.uk/pride/archive/projects/PXD005300,ARTKQTARKSTGGKAPRKQLATKAARKSAPSTGGVKKPHRYRPGTVALRE,CrDB000105,"Middle-down proteomics on mouse tissues demonstrates that H3.3 accumulates to near saturation levels in the chromatin of various somatic mouse tissues by late adulthood. Accumulation of H3.3 is associated with profound changes in genome-wide levels of both individual and
combinatorial H3 modifications.",K4unK9unK18unK23unR17unR26unR8me1K14acK27me2K36me2
,"<a href=""http://www.uniprot.org/uniprot/#{histone.accessionNumber}"" target=""_blank"">P84244</a>",Histone H3.3,Mus musculus,"Male C57BL/6J mouse, liver",5,2017-06-05,veit,K9me1K14me1K18acK23me1K36me2,0.00011928,0,https://www.ebi.ac.uk/pride/archive/projects/PXD005300,ARTKQTARKSTGGKAPRKQLATKAARKSAPSTGGVKKPHRYRPGTVALRE,CrDB000105,"Middle-down proteomics on mouse tissues demonstrates that H3.3 accumulates to near saturation levels in the chromatin of various somatic mouse tissues by late adulthood. Accumulation of H3.3 is associated with profound changes in genome-wide levels of both individual and
combinatorial H3 modifications.",K4unK27unR8unR17unR26unK9me1K14me1K18acK23me1K36me2
,"<a href=""http://www.uniprot.org/uniprot/#{histone.accessionNumber}"" target=""_blank"">P84244</a>",Histone H3.3,Mus musculus,"Male C57BL/6J mouse, liver",4,2017-06-05,veit,K9acK23me2K27me1K36me2,0.00069466,0,https://www.ebi.ac.uk/pride/archive/projects/PXD005300,ARTKQTARKSTGGKAPRKQLATKAARKSAPSTGGVKKPHRYRPGTVALRE,CrDB000105,"Middle-down proteomics on mouse tissues demonstrates that H3.3 accumulates to near saturation levels in the chromatin of various somatic mouse tissues by late adulthood. Accumulation of H3.3 is associated with profound changes in genome-wide levels of both individual and
combinatorial H3 modifications.",K4unK14unK18unR8unR17unR26unK9acK23me2K27me1K36me2
,"<a href=""http://www.uniprot.org/uniprot/#{histone.accessionNumber}"" target=""_blank"">P84244</a>",Histone H3.3,Mus musculus,"Male C57BL/6J mouse, liver",3,2017-06-05,veit,K9me2K23acK27me3,4.446e-05,0,https://www.ebi.ac.uk/pride/archive/projects/PXD005300,ARTKQTARKSTGGKAPRKQLATKAARKSAPSTGGVKKPHRYRPGTVALRE,CrDB000105,"Middle-down proteomics on mouse tissues demonstrates that H3.3 accumulates to near saturation levels in the chromatin of various somatic mouse tissues by late adulthood. Accumulation of H3.3 is associated with profound changes in genome-wide levels of both individual and
combinatorial H3 modifications.",K4unK14unK18unK36unR8unR17unR26unK9me2K23acK27me3
,"<a href=""http://www.uniprot.org/uniprot/#{histone.accessionNumber}"" target=""_blank"">P84244</a>",Histone H3.3,Mus musculus,"Male C57BL/6J mouse, liver",3,2017-06-05,veit,K9me2K23acK36me3,0.00016025,0,https://www.ebi.ac.uk/pride/archive/projects/PXD005300,ARTKQTARKSTGGKAPRKQLATKAARKSAPSTGGVKKPHRYRPGTVALRE,CrDB000105,"Middle-down proteomics on mouse tissues demonstrates that H3.3 accumulates to near saturation levels in the chromatin of various somatic mouse tissues by late adulthood. Accumulation of H3.3 is associated with profound changes in genome-wide levels of both individual and
combinatorial H3 modifications.",K4unK14unK18unK27unR8unR17unR26unK9me2K23acK36me3
,"<a href=""http://www.uniprot.org/uniprot/#{histone.accessionNumber}"" target=""_blank"">P84244</a>",Histone H3.3,Mus musculus,"Male C57BL/6J mouse, liver",4,2017-06-05,veit,K9me1K14me1K23acK36me3,2.588e-05,0,https://www.ebi.ac.uk/pride/archive/projects/PXD005300,ARTKQTARKSTGGKAPRKQLATKAARKSAPSTGGVKKPHRYRPGTVALRE,CrDB000105,"Middle-down proteomics on mouse tissues demonstrates that H3.3 accumulates to near saturation levels in the chromatin of various somatic mouse tissues by late adulthood. Accumulation of H3.3 is associated with profound changes in genome-wide levels of both individual and
combinatorial H3 modifications.",K4unK18unK27unR8unR17unR26unK9me1K14me1K23acK36me3
,"<a href=""http://www.uniprot.org/uniprot/#{histone.accessionNumber}"" target=""_blank"">P84244</a>",Histone H3.3,Mus musculus,"Male C57BL/6J mouse, liver",3,2017-06-05,veit,K9me3K27acK36me2,0.00033066,0,https://www.ebi.ac.uk/pride/archive/projects/PXD005300,ARTKQTARKSTGGKAPRKQLATKAARKSAPSTGGVKKPHRYRPGTVALRE,CrDB000105,"Middle-down proteomics on mouse tissues demonstrates that H3.3 accumulates to near saturation levels in the chromatin of various somatic mouse tissues by late adulthood. Accumulation of H3.3 is associated with profound changes in genome-wide levels of both individual and
combinatorial H3 modifications.",K4unK14unK18unK23unR8unR17unR26unK9me3K27acK36me2
,"<a href=""http://www.uniprot.org/uniprot/#{histone.accessionNumber}"" target=""_blank"">P84244</a>",Histone H3.3,Mus musculus,"Male C57BL/6J mouse, liver",4,2017-06-05,veit,K9me1K23acK27me2K36me2,5.835e-05,0,https://www.ebi.ac.uk/pride/archive/projects/PXD005300,ARTKQTARKSTGGKAPRKQLATKAARKSAPSTGGVKKPHRYRPGTVALRE,CrDB000105,"Middle-down proteomics on mouse tissues demonstrates that H3.3 accumulates to near saturation levels in the chromatin of various somatic mouse tissues by late adulthood. Accumulation of H3.3 is associated with profound changes in genome-wide levels of both individual and
combinatorial H3 modifications.",K4unK14unK18unR8unR17unR26unK9me1K23acK27me2K36me2
,"<a href=""http://www.uniprot.org/uniprot/#{histone.accessionNumber}"" target=""_blank"">P84228</a>",Histone H3.2,Mus musculus,"Male C57BL/6J mouse, liver",4,2017-06-05,veit,K9me3K14acK27me2K36me2,0.01375128,0,https://www.ebi.ac.uk/pride/archive/projects/PXD005300,ARTKQTARKSTGGKAPRKQLATKAARKSAPATGGVKKPHRYRPGTVALRE,CrDB000105,"Middle-down proteomics on mouse tissues demonstrates that H3.3 accumulates to near saturation levels in the chromatin of various somatic mouse tissues by late adulthood. Accumulation of H3.3 is associated with profound changes in genome-wide levels of both individual and
combinatorial H3 modifications.",K4unK18unK23unR8unR17unR26unK9me3K14acK27me2K36me2
,"<a href=""http://www.uniprot.org/uniprot/#{histone.accessionNumber}"" target=""_blank"">P84228</a>",Histone H3.2,Mus musculus,"Male C57BL/6J mouse, liver",6,2017-06-05,veit,K4me1K9me1K14acK18me1K27me2K36me2,0.00185086,0,https://www.ebi.ac.uk/pride/archive/projects/PXD005300,ARTKQTARKSTGGKAPRKQLATKAARKSAPATGGVKKPHRYRPGTVALRE,CrDB000105,"Middle-down proteomics on mouse tissues demonstrates that H3.3 accumulates to near saturation levels in the chromatin of various somatic mouse tissues by late adulthood. Accumulation of H3.3 is associated with profound changes in genome-wide levels of both individual and
combinatorial H3 modifications.",K23unR8unR17unR26unK4me1K9me1K14acK18me1K27me2K36me2
,"<a href=""http://www.uniprot.org/uniprot/#{histone.accessionNumber}"" target=""_blank"">P84244</a>",Histone H3.3,Mus musculus,"Male C57BL/6J mouse, liver",4,2017-06-05,veit,K14acK23me2R26me2K27me2,0.00018401,0,https://www.ebi.ac.uk/pride/archive/projects/PXD005300,ARTKQTARKSTGGKAPRKQLATKAARKSAPSTGGVKKPHRYRPGTVALRE,CrDB000105,"Middle-down proteomics on mouse tissues demonstrates that H3.3 accumulates to near saturation levels in the chromatin of various somatic mouse tissues by late adulthood. Accumulation of H3.3 is associated with profound changes in genome-wide levels of both individual and
combinatorial H3 modifications.",K4unK9unK18unK36unR8unR17unK14acK23me2R26me2K27me2
,"<a href=""http://www.uniprot.org/uniprot/#{histone.accessionNumber}"" target=""_blank"">P84244</a>",Histone H3.3,Mus musculus,"Male C57BL/6J mouse, liver",3,2017-06-05,veit,K14acK23me3K27me3,0.00301051,0,https://www.ebi.ac.uk/pride/archive/projects/PXD005300,ARTKQTARKSTGGKAPRKQLATKAARKSAPSTGGVKKPHRYRPGTVALRE,CrDB000105,"Middle-down proteomics on mouse tissues demonstrates that H3.3 accumulates to near saturation levels in the chromatin of various somatic mouse tissues by late adulthood. Accumulation of H3.3 is associated with profound changes in genome-wide levels of both individual and
combinatorial H3 modifications.",K4unK9unK18unK36unR8unR17unR26unK14acK23me3K27me3
,"<a href=""http://www.uniprot.org/uniprot/#{histone.accessionNumber}"" target=""_blank"">P84244</a>",Histone H3.3,Mus musculus,"Male C57BL/6J mouse, liver",3,2017-06-05,veit,K14acK18acK27me3,0.00215925,0,https://www.ebi.ac.uk/pride/archive/projects/PXD005300,ARTKQTARKSTGGKAPRKQLATKAARKSAPSTGGVKKPHRYRPGTVALRE,CrDB000105,"Middle-down proteomics on mouse tissues demonstrates that H3.3 accumulates to near saturation levels in the chromatin of various somatic mouse tissues by late adulthood. Accumulation of H3.3 is associated with profound changes in genome-wide levels of both individual and
combinatorial H3 modifications.",K4unK9unK23unK36unR8unR17unR26unK14acK18acK27me3
,"<a href=""http://www.uniprot.org/uniprot/#{histone.accessionNumber}"" target=""_blank"">P84244</a>",Histone H3.3,Mus musculus,"Male C57BL/6J mouse, liver",4,2017-06-05,veit,K14acK18acK27me2K36me1,0.00064384,0,https://www.ebi.ac.uk/pride/archive/projects/PXD005300,ARTKQTARKSTGGKAPRKQLATKAARKSAPSTGGVKKPHRYRPGTVALRE,CrDB000105,"Middle-down proteomics on mouse tissues demonstrates that H3.3 accumulates to near saturation levels in the chromatin of various somatic mouse tissues by late adulthood. Accumulation of H3.3 is associated with profound changes in genome-wide levels of both individual and
combinatorial H3 modifications.",K4unK9unK23unR8unR17unR26unK14acK18acK27me2K36me1
,"<a href=""http://www.uniprot.org/uniprot/#{histone.accessionNumber}"" target=""_blank"">P84244</a>",Histone H3.3,Mus musculus,"Male C57BL/6J mouse, liver",3,2017-06-05,veit,K18acK23acK27me3,0.00114551,0,https://www.ebi.ac.uk/pride/archive/projects/PXD005300,ARTKQTARKSTGGKAPRKQLATKAARKSAPSTGGVKKPHRYRPGTVALRE,CrDB000105,"Middle-down proteomics on mouse tissues demonstrates that H3.3 accumulates to near saturation levels in the chromatin of various somatic mouse tissues by late adulthood. Accumulation of H3.3 is associated with profound changes in genome-wide levels of both individual and
combinatorial H3 modifications.",K4unK9unK14unK36unR8unR17unR26unK18acK23acK27me3
,"<a href=""http://www.uniprot.org/uniprot/#{histone.accessionNumber}"" target=""_blank"">P84244</a>",Histone H3.3,Mus musculus,"Male C57BL/6J mouse, liver",4,2017-06-05,veit,K18acK23acK27me1K36me2,0.00025833,0,https://www.ebi.ac.uk/pride/archive/projects/PXD005300,ARTKQTARKSTGGKAPRKQLATKAARKSAPSTGGVKKPHRYRPGTVALRE,CrDB000105,"Middle-down proteomics on mouse tissues demonstrates that H3.3 accumulates to near saturation levels in the chromatin of various somatic mouse tissues by late adulthood. Accumulation of H3.3 is associated with profound changes in genome-wide levels of both individual and
combinatorial H3 modifications.",K4unK9unK14unR8unR17unR26unK18acK23acK27me1K36me2
,"<a href=""http://www.uniprot.org/uniprot/#{histone.accessionNumber}"" target=""_blank"">P84244</a>",Histone H3.3,Mus musculus,"Male C57BL/6J mouse, liver",4,2017-06-05,veit,R17me2K18acK27me2K36me2,0.00023254,0,https://www.ebi.ac.uk/pride/archive/projects/PXD005300,ARTKQTARKSTGGKAPRKQLATKAARKSAPSTGGVKKPHRYRPGTVALRE,CrDB000105,"Middle-down proteomics on mouse tissues demonstrates that H3.3 accumulates to near saturation levels in the chromatin of various somatic mouse tissues by late adulthood. Accumulation of H3.3 is associated with profound changes in genome-wide levels of both individual and
combinatorial H3 modifications.",K4unK9unK14unK23unR8unR26unR17me2K18acK27me2K36me2
,"<a href=""http://www.uniprot.org/uniprot/#{histone.accessionNumber}"" target=""_blank"">P84244</a>",Histone H3.3,Mus musculus,"Male C57BL/6J mouse, liver",4,2017-06-05,veit,K14acK18acR26me1K27me2,0.00102188,0,https://www.ebi.ac.uk/pride/archive/projects/PXD005300,ARTKQTARKSTGGKAPRKQLATKAARKSAPSTGGVKKPHRYRPGTVALRE,CrDB000105,"Middle-down proteomics on mouse tissues demonstrates that H3.3 accumulates to near saturation levels in the chromatin of various somatic mouse tissues by late adulthood. Accumulation of H3.3 is associated with profound changes in genome-wide levels of both individual and
combinatorial H3 modifications.",K4unK9unK23unK36unR8unR17unK14acK18acR26me1K27me2
,"<a href=""http://www.uniprot.org/uniprot/#{histone.accessionNumber}"" target=""_blank"">P84244</a>",Histone H3.3,Mus musculus,"Male C57BL/6J mouse, liver",5,2017-06-05,veit,K4me1K9me1K14acK27me2K36me2,0.00219234,0,https://www.ebi.ac.uk/pride/archive/projects/PXD005300,ARTKQTARKSTGGKAPRKQLATKAARKSAPSTGGVKKPHRYRPGTVALRE,CrDB000105,"Middle-down proteomics on mouse tissues demonstrates that H3.3 accumulates to near saturation levels in the chromatin of various somatic mouse tissues by late adulthood. Accumulation of H3.3 is associated with profound changes in genome-wide levels of both individual and
combinatorial H3 modifications.",K18unK23unR8unR17unR26unK4me1K9me1K14acK27me2K36me2
,"<a href=""http://www.uniprot.org/uniprot/#{histone.accessionNumber}"" target=""_blank"">P84244</a>",Histone H3.3,Mus musculus,"Male C57BL/6J mouse, liver",5,2017-06-05,veit,K9me1K14me1K23acK27me2K36me2,0.00139296,0,https://www.ebi.ac.uk/pride/archive/projects/PXD005300,ARTKQTARKSTGGKAPRKQLATKAARKSAPSTGGVKKPHRYRPGTVALRE,CrDB000105,"Middle-down proteomics on mouse tissues demonstrates that H3.3 accumulates to near saturation levels in the chromatin of various somatic mouse tissues by late adulthood. Accumulation of H3.3 is associated with profound changes in genome-wide levels of both individual and
combinatorial H3 modifications.",K4unK18unR8unR17unR26unK9me1K14me1K23acK27me2K36me2
,"<a href=""http://www.uniprot.org/uniprot/#{histone.accessionNumber}"" target=""_blank"">P84244</a>",Histone H3.3,Mus musculus,"Male C57BL/6J mouse, liver",4,2017-06-05,veit,K9me2K23me3K27me1K36me3,0.00036219,0,https://www.ebi.ac.uk/pride/archive/projects/PXD005300,ARTKQTARKSTGGKAPRKQLATKAARKSAPSTGGVKKPHRYRPGTVALRE,CrDB000105,"Middle-down proteomics on mouse tissues demonstrates that H3.3 accumulates to near saturation levels in the chromatin of various somatic mouse tissues by late adulthood. Accumulation of H3.3 is associated with profound changes in genome-wide levels of both individual and
combinatorial H3 modifications.",K4unK14unK18unR8unR17unR26unK9me2K23me3K27me1K36me3
,"<a href=""http://www.uniprot.org/uniprot/#{histone.accessionNumber}"" target=""_blank"">P84244</a>",Histone H3.3,Mus musculus,"Male C57BL/6J mouse, liver",5,2017-06-05,veit,K4me1K9me1K18acK27me2K36me2,6.464e-05,0,https://www.ebi.ac.uk/pride/archive/projects/PXD005300,ARTKQTARKSTGGKAPRKQLATKAARKSAPSTGGVKKPHRYRPGTVALRE,CrDB000105,"Middle-down proteomics on mouse tissues demonstrates that H3.3 accumulates to near saturation levels in the chromatin of various somatic mouse tissues by late adulthood. Accumulation of H3.3 is associated with profound changes in genome-wide levels of both individual and
combinatorial H3 modifications.",K14unK23unR8unR17unR26unK4me1K9me1K18acK27me2K36me2
,"<a href=""http://www.uniprot.org/uniprot/#{histone.accessionNumber}"" target=""_blank"">P84244</a>",Histone H3.3,Mus musculus,"Male C57BL/6J mouse, liver",4,2017-06-05,veit,R17me2K23acK27me2K36me2,3.377e-05,0,https://www.ebi.ac.uk/pride/archive/projects/PXD005300,ARTKQTARKSTGGKAPRKQLATKAARKSAPSTGGVKKPHRYRPGTVALRE,CrDB000105,"Middle-down proteomics on mouse tissues demonstrates that H3.3 accumulates to near saturation levels in the chromatin of various somatic mouse tissues by late adulthood. Accumulation of H3.3 is associated with profound changes in genome-wide levels of both individual and
combinatorial H3 modifications.",K4unK9unK14unK18unR8unR26unR17me2K23acK27me2K36me2
,"<a href=""http://www.uniprot.org/uniprot/#{histone.accessionNumber}"" target=""_blank"">P84244</a>",Histone H3.3,Mus musculus,"Male C57BL/6J mouse, liver",5,2017-06-05,veit,K14me1K18me1K23acK27me2K36me2,8.839e-05,0,https://www.ebi.ac.uk/pride/archive/projects/PXD005300,ARTKQTARKSTGGKAPRKQLATKAARKSAPSTGGVKKPHRYRPGTVALRE,CrDB000105,"Middle-down proteomics on mouse tissues demonstrates that H3.3 accumulates to near saturation levels in the chromatin of various somatic mouse tissues by late adulthood. Accumulation of H3.3 is associated with profound changes in genome-wide levels of both individual and
combinatorial H3 modifications.",K4unK9unR8unR17unR26unK14me1K18me1K23acK27me2K36me2
,"<a href=""http://www.uniprot.org/uniprot/#{histone.accessionNumber}"" target=""_blank"">P84228</a>",Histone H3.2,Mus musculus,"Male C57BL/6J mouse, liver",4,2017-06-05,veit,K9me2K14acK23me3K27me3,0.00324243,0,https://www.ebi.ac.uk/pride/archive/projects/PXD005300,ARTKQTARKSTGGKAPRKQLATKAARKSAPATGGVKKPHRYRPGTVALRE,CrDB000105,"Middle-down proteomics on mouse tissues demonstrates that H3.3 accumulates to near saturation levels in the chromatin of various somatic mouse tissues by late adulthood. Accumulation of H3.3 is associated with profound changes in genome-wide levels of both individual and
combinatorial H3 modifications.",K4unK18unK36unR8unR17unR26unK9me2K14acK23me3K27me3
,"<a href=""http://www.uniprot.org/uniprot/#{histone.accessionNumber}"" target=""_blank"">P84244</a>",Histone H3.3,Mus musculus,"Male C57BL/6J mouse, liver",4,2017-06-05,veit,K14acK23me3K27me2K36me2,0.01006884,0,https://www.ebi.ac.uk/pride/archive/projects/PXD005300,ARTKQTARKSTGGKAPRKQLATKAARKSAPSTGGVKKPHRYRPGTVALRE,CrDB000105,"Middle-down proteomics on mouse tissues demonstrates that H3.3 accumulates to near saturation levels in the chromatin of various somatic mouse tissues by late adulthood. Accumulation of H3.3 is associated with profound changes in genome-wide levels of both individual and
combinatorial H3 modifications.",K4unK9unK18unR8unR17unR26unK14acK23me3K27me2K36me2
,"<a href=""http://www.uniprot.org/uniprot/#{histone.accessionNumber}"" target=""_blank"">P84244</a>",Histone H3.3,Mus musculus,"Male C57BL/6J mouse, liver",4,2017-06-05,veit,K14acK18acK27me2K36me2,0.01561489,0,https://www.ebi.ac.uk/pride/archive/projects/PXD005300,ARTKQTARKSTGGKAPRKQLATKAARKSAPSTGGVKKPHRYRPGTVALRE,CrDB000105,"Middle-down proteomics on mouse tissues demonstrates that H3.3 accumulates to near saturation levels in the chromatin of various somatic mouse tissues by late adulthood. Accumulation of H3.3 is associated with profound changes in genome-wide levels of both individual and
combinatorial H3 modifications.",K4unK9unK23unR8unR17unR26unK14acK18acK27me2K36me2
,"<a href=""http://www.uniprot.org/uniprot/#{histone.accessionNumber}"" target=""_blank"">P84244</a>",Histone H3.3,Mus musculus,"Male C57BL/6J mouse, liver",4,2017-06-05,veit,K18acK23acK27me2K36me2,0.00893604,0,https://www.ebi.ac.uk/pride/archive/projects/PXD005300,ARTKQTARKSTGGKAPRKQLATKAARKSAPSTGGVKKPHRYRPGTVALRE,CrDB000105,"Middle-down proteomics on mouse tissues demonstrates that H3.3 accumulates to near saturation levels in the chromatin of various somatic mouse tissues by late adulthood. Accumulation of H3.3 is associated with profound changes in genome-wide levels of both individual and
combinatorial H3 modifications.",K4unK9unK14unR8unR17unR26unK18acK23acK27me2K36me2
,"<a href=""http://www.uniprot.org/uniprot/#{histone.accessionNumber}"" target=""_blank"">P84244</a>",Histone H3.3,Mus musculus,"Male C57BL/6J mouse, liver",5,2017-06-05,veit,K14acK18acK23me1K27me1K36me2,0.00224542,0,https://www.ebi.ac.uk/pride/archive/projects/PXD005300,ARTKQTARKSTGGKAPRKQLATKAARKSAPSTGGVKKPHRYRPGTVALRE,CrDB000105,"Middle-down proteomics on mouse tissues demonstrates that H3.3 accumulates to near saturation levels in the chromatin of various somatic mouse tissues by late adulthood. Accumulation of H3.3 is associated with profound changes in genome-wide levels of both individual and
combinatorial H3 modifications.",K4unK9unR8unR17unR26unK14acK18acK23me1K27me1K36me2
,"<a href=""http://www.uniprot.org/uniprot/#{histone.accessionNumber}"" target=""_blank"">P84244</a>",Histone H3.3,Mus musculus,"Male C57BL/6J mouse, liver",4,2017-06-05,veit,K14acK18acK23me2K27me2,0.00120681,0,https://www.ebi.ac.uk/pride/archive/projects/PXD005300,ARTKQTARKSTGGKAPRKQLATKAARKSAPSTGGVKKPHRYRPGTVALRE,CrDB000105,"Middle-down proteomics on mouse tissues demonstrates that H3.3 accumulates to near saturation levels in the chromatin of various somatic mouse tissues by late adulthood. Accumulation of H3.3 is associated with profound changes in genome-wide levels of both individual and
combinatorial H3 modifications.",K4unK9unK36unR8unR17unR26unK14acK18acK23me2K27me2
,"<a href=""http://www.uniprot.org/uniprot/#{histone.accessionNumber}"" target=""_blank"">P84244</a>",Histone H3.3,Mus musculus,"Male C57BL/6J mouse, liver",4,2017-06-05,veit,K14acK23me3R26me1K27me3,0.00288325,0,https://www.ebi.ac.uk/pride/archive/projects/PXD005300,ARTKQTARKSTGGKAPRKQLATKAARKSAPSTGGVKKPHRYRPGTVALRE,CrDB000105,"Middle-down proteomics on mouse tissues demonstrates that H3.3 accumulates to near saturation levels in the chromatin of various somatic mouse tissues by late adulthood. Accumulation of H3.3 is associated with profound changes in genome-wide levels of both individual and
combinatorial H3 modifications.",K4unK9unK18unK36unR8unR17unK14acK23me3R26me1K27me3
,"<a href=""http://www.uniprot.org/uniprot/#{histone.accessionNumber}"" target=""_blank"">P84244</a>",Histone H3.3,Mus musculus,"Male C57BL/6J mouse, liver",5,2017-06-05,veit,K14acK18me2K23me2K27me1K36me2,0.0037122,0,https://www.ebi.ac.uk/pride/archive/projects/PXD005300,ARTKQTARKSTGGKAPRKQLATKAARKSAPSTGGVKKPHRYRPGTVALRE,CrDB000105,"Middle-down proteomics on mouse tissues demonstrates that H3.3 accumulates to near saturation levels in the chromatin of various somatic mouse tissues by late adulthood. Accumulation of H3.3 is associated with profound changes in genome-wide levels of both individual and
combinatorial H3 modifications.",K4unK9unR8unR17unR26unK14acK18me2K23me2K27me1K36me2
,"<a href=""http://www.uniprot.org/uniprot/#{histone.accessionNumber}"" target=""_blank"">P84244</a>",Histone H3.3,Mus musculus,"Male C57BL/6J mouse, liver",4,2017-06-05,veit,K18acK23acK27me1K36me3,0.00200009,0,https://www.ebi.ac.uk/pride/archive/projects/PXD005300,ARTKQTARKSTGGKAPRKQLATKAARKSAPSTGGVKKPHRYRPGTVALRE,CrDB000105,"Middle-down proteomics on mouse tissues demonstrates that H3.3 accumulates to near saturation levels in the chromatin of various somatic mouse tissues by late adulthood. Accumulation of H3.3 is associated with profound changes in genome-wide levels of both individual and
combinatorial H3 modifications.",K4unK9unK14unR8unR17unR26unK18acK23acK27me1K36me3
,"<a href=""http://www.uniprot.org/uniprot/#{histone.accessionNumber}"" target=""_blank"">P84244</a>",Histone H3.3,Mus musculus,"Male C57BL/6J mouse, liver",4,2017-06-05,veit,K18acK23acR26me2K36me2,0.00128062,0,https://www.ebi.ac.uk/pride/archive/projects/PXD005300,ARTKQTARKSTGGKAPRKQLATKAARKSAPSTGGVKKPHRYRPGTVALRE,CrDB000105,"Middle-down proteomics on mouse tissues demonstrates that H3.3 accumulates to near saturation levels in the chromatin of various somatic mouse tissues by late adulthood. Accumulation of H3.3 is associated with profound changes in genome-wide levels of both individual and
combinatorial H3 modifications.",K4unK9unK14unK27unR8unR17unK18acK23acR26me2K36me2
,"<a href=""http://www.uniprot.org/uniprot/#{histone.accessionNumber}"" target=""_blank"">P84244</a>",Histone H3.3,Mus musculus,"Male C57BL/6J mouse, liver",5,2017-06-05,veit,K14acR17me1K18acR26me1K36me2,0.00053919,0,https://www.ebi.ac.uk/pride/archive/projects/PXD005300,ARTKQTARKSTGGKAPRKQLATKAARKSAPSTGGVKKPHRYRPGTVALRE,CrDB000105,"Middle-down proteomics on mouse tissues demonstrates that H3.3 accumulates to near saturation levels in the chromatin of various somatic mouse tissues by late adulthood. Accumulation of H3.3 is associated with profound changes in genome-wide levels of both individual and
combinatorial H3 modifications.",K4unK9unK23unK27unR8unK14acR17me1K18acR26me1K36me2
,"<a href=""http://www.uniprot.org/uniprot/#{histone.accessionNumber}"" target=""_blank"">P84244</a>",Histone H3.3,Mus musculus,"Male C57BL/6J mouse, liver",4,2017-06-05,veit,K9me2K14acK18me2K27me3,0.00160989,0,https://www.ebi.ac.uk/pride/archive/projects/PXD005300,ARTKQTARKSTGGKAPRKQLATKAARKSAPSTGGVKKPHRYRPGTVALRE,CrDB000105,"Middle-down proteomics on mouse tissues demonstrates that H3.3 accumulates to near saturation levels in the chromatin of various somatic mouse tissues by late adulthood. Accumulation of H3.3 is associated with profound changes in genome-wide levels of both individual and
combinatorial H3 modifications.",K4unK23unK36unR8unR17unR26unK9me2K14acK18me2K27me3
,"<a href=""http://www.uniprot.org/uniprot/#{histone.accessionNumber}"" target=""_blank"">P84244</a>",Histone H3.3,Mus musculus,"Male C57BL/6J mouse, liver",4,2017-06-05,veit,K14acK18acR26me2K36me2,0.00676396,0,https://www.ebi.ac.uk/pride/archive/projects/PXD005300,ARTKQTARKSTGGKAPRKQLATKAARKSAPSTGGVKKPHRYRPGTVALRE,CrDB000105,"Middle-down proteomics on mouse tissues demonstrates that H3.3 accumulates to near saturation levels in the chromatin of various somatic mouse tissues by late adulthood. Accumulation of H3.3 is associated with profound changes in genome-wide levels of both individual and
combinatorial H3 modifications.",K4unK9unK23unK27unR8unR17unK14acK18acR26me2K36me2
,"<a href=""http://www.uniprot.org/uniprot/#{histone.accessionNumber}"" target=""_blank"">P84244</a>",Histone H3.3,Mus musculus,"Male C57BL/6J mouse, liver",6,2017-06-05,veit,K9me1K14acK18me1K23me1K27me2K36me2,0.00179632,0,https://www.ebi.ac.uk/pride/archive/projects/PXD005300,ARTKQTARKSTGGKAPRKQLATKAARKSAPSTGGVKKPHRYRPGTVALRE,CrDB000105,"Middle-down proteomics on mouse tissues demonstrates that H3.3 accumulates to near saturation levels in the chromatin of various somatic mouse tissues by late adulthood. Accumulation of H3.3 is associated with profound changes in genome-wide levels of both individual and
combinatorial H3 modifications.",K4unR8unR17unR26unK9me1K14acK18me1K23me1K27me2K36me2
,"<a href=""http://www.uniprot.org/uniprot/#{histone.accessionNumber}"" target=""_blank"">P84244</a>",Histone H3.3,Mus musculus,"Male C57BL/6J mouse, liver",5,2017-06-05,veit,K14acK18me2K23me1K27me2K36me2,0.00107741,0,https://www.ebi.ac.uk/pride/archive/projects/PXD005300,ARTKQTARKSTGGKAPRKQLATKAARKSAPSTGGVKKPHRYRPGTVALRE,CrDB000105,"Middle-down proteomics on mouse tissues demonstrates that H3.3 accumulates to near saturation levels in the chromatin of various somatic mouse tissues by late adulthood. Accumulation of H3.3 is associated with profound changes in genome-wide levels of both individual and
combinatorial H3 modifications.",K4unK9unR8unR17unR26unK14acK18me2K23me1K27me2K36me2
,"<a href=""http://www.uniprot.org/uniprot/#{histone.accessionNumber}"" target=""_blank"">P84244</a>",Histone H3.3,Mus musculus,"Male C57BL/6J mouse, liver",5,2017-06-05,veit,K14acK18me2K23me2K27me2K36me1,0.00072332,0,https://www.ebi.ac.uk/pride/archive/projects/PXD005300,ARTKQTARKSTGGKAPRKQLATKAARKSAPSTGGVKKPHRYRPGTVALRE,CrDB000105,"Middle-down proteomics on mouse tissues demonstrates that H3.3 accumulates to near saturation levels in the chromatin of various somatic mouse tissues by late adulthood. Accumulation of H3.3 is associated with profound changes in genome-wide levels of both individual and
combinatorial H3 modifications.",K4unK9unR8unR17unR26unK14acK18me2K23me2K27me2K36me1
,"<a href=""http://www.uniprot.org/uniprot/#{histone.accessionNumber}"" target=""_blank"">P84244</a>",Histone H3.3,Mus musculus,"Male C57BL/6J mouse, liver",4,2017-06-05,veit,K9me3K14acK27me2K36me2,0.01108128,0,https://www.ebi.ac.uk/pride/archive/projects/PXD005300,ARTKQTARKSTGGKAPRKQLATKAARKSAPSTGGVKKPHRYRPGTVALRE,CrDB000105,"Middle-down proteomics on mouse tissues demonstrates that H3.3 accumulates to near saturation levels in the chromatin of various somatic mouse tissues by late adulthood. Accumulation of H3.3 is associated with profound changes in genome-wide levels of both individual and
combinatorial H3 modifications.",K4unK18unK23unR8unR17unR26unK9me3K14acK27me2K36me2
,"<a href=""http://www.uniprot.org/uniprot/#{histone.accessionNumber}"" target=""_blank"">P84244</a>",Histone H3.3,Mus musculus,"Male C57BL/6J mouse, liver",4,2017-06-05,veit,K14me3K23acK27me2K36me2,0.00069364,0,https://www.ebi.ac.uk/pride/archive/projects/PXD005300,ARTKQTARKSTGGKAPRKQLATKAARKSAPSTGGVKKPHRYRPGTVALRE,CrDB000105,"Middle-down proteomics on mouse tissues demonstrates that H3.3 accumulates to near saturation levels in the chromatin of various somatic mouse tissues by late adulthood. Accumulation of H3.3 is associated with profound changes in genome-wide levels of both individual and
combinatorial H3 modifications.",K4unK9unK18unR8unR17unR26unK14me3K23acK27me2K36me2
,"<a href=""http://www.uniprot.org/uniprot/#{histone.accessionNumber}"" target=""_blank"">P84244</a>",Histone H3.3,Mus musculus,"Male C57BL/6J mouse, liver",4,2017-06-05,veit,K9acK14me3K27me2K36me2,5.748e-05,0,https://www.ebi.ac.uk/pride/archive/projects/PXD005300,ARTKQTARKSTGGKAPRKQLATKAARKSAPSTGGVKKPHRYRPGTVALRE,CrDB000105,"Middle-down proteomics on mouse tissues demonstrates that H3.3 accumulates to near saturation levels in the chromatin of various somatic mouse tissues by late adulthood. Accumulation of H3.3 is associated with profound changes in genome-wide levels of both individual and
combinatorial H3 modifications.",K4unK18unK23unR8unR17unR26unK9acK14me3K27me2K36me2
,"<a href=""http://www.uniprot.org/uniprot/#{histone.accessionNumber}"" target=""_blank"">P84228</a>",Histone H3.2,Mus musculus,"Male C57BL/6J mouse, liver",6,2017-06-05,veit,K9me2K14acK18me1K23me2K27me2K36me2,0.00178953,0,https://www.ebi.ac.uk/pride/archive/projects/PXD005300,ARTKQTARKSTGGKAPRKQLATKAARKSAPATGGVKKPHRYRPGTVALRE,CrDB000105,"Middle-down proteomics on mouse tissues demonstrates that H3.3 accumulates to near saturation levels in the chromatin of various somatic mouse tissues by late adulthood. Accumulation of H3.3 is associated with profound changes in genome-wide levels of both individual and
combinatorial H3 modifications.",K4unR8unR17unR26unK9me2K14acK18me1K23me2K27me2K36me2
,"<a href=""http://www.uniprot.org/uniprot/#{histone.accessionNumber}"" target=""_blank"">P84228</a>",Histone H3.2,Mus musculus,"Male C57BL/6J mouse, liver",6,2017-06-05,veit,K9me1K14me1K18acK23acK27me2K36me2,0.00072969,0,https://www.ebi.ac.uk/pride/archive/projects/PXD005300,ARTKQTARKSTGGKAPRKQLATKAARKSAPATGGVKKPHRYRPGTVALRE,CrDB000105,"Middle-down proteomics on mouse tissues demonstrates that H3.3 accumulates to near saturation levels in the chromatin of various somatic mouse tissues by late adulthood. Accumulation of H3.3 is associated with profound changes in genome-wide levels of both individual and
combinatorial H3 modifications.",K4unR8unR17unR26unK9me1K14me1K18acK23acK27me2K36me2
,"<a href=""http://www.uniprot.org/uniprot/#{histone.accessionNumber}"" target=""_blank"">P84228</a>",Histone H3.2,Mus musculus,"Male C57BL/6J mouse, liver",5,2017-06-05,veit,K9me2K18acK23acK27acK36me1,0.00068721,0,https://www.ebi.ac.uk/pride/archive/projects/PXD005300,ARTKQTARKSTGGKAPRKQLATKAARKSAPATGGVKKPHRYRPGTVALRE,CrDB000105,"Middle-down proteomics on mouse tissues demonstrates that H3.3 accumulates to near saturation levels in the chromatin of various somatic mouse tissues by late adulthood. Accumulation of H3.3 is associated with profound changes in genome-wide levels of both individual and
combinatorial H3 modifications.",K4unK14unR8unR17unR26unK9me2K18acK23acK27acK36me1
,"<a href=""http://www.uniprot.org/uniprot/#{histone.accessionNumber}"" target=""_blank"">P84228</a>",Histone H3.2,Mus musculus,"Male C57BL/6J mouse, liver",6,2017-06-05,veit,K9me1K14acK18me1K23me3K27me2K36me2,0.00066847,0,https://www.ebi.ac.uk/pride/archive/projects/PXD005300,ARTKQTARKSTGGKAPRKQLATKAARKSAPATGGVKKPHRYRPGTVALRE,CrDB000105,"Middle-down proteomics on mouse tissues demonstrates that H3.3 accumulates to near saturation levels in the chromatin of various somatic mouse tissues by late adulthood. Accumulation of H3.3 is associated with profound changes in genome-wide levels of both individual and
combinatorial H3 modifications.",K4unR8unR17unR26unK9me1K14acK18me1K23me3K27me2K36me2
,"<a href=""http://www.uniprot.org/uniprot/#{histone.accessionNumber}"" target=""_blank"">P84244</a>",Histone H3.3,Mus musculus,"Male C57BL/6J mouse, liver",4,2017-06-05,veit,K9me2K14acK18acK27me3,0.00112399,0,https://www.ebi.ac.uk/pride/archive/projects/PXD005300,ARTKQTARKSTGGKAPRKQLATKAARKSAPSTGGVKKPHRYRPGTVALRE,CrDB000105,"Middle-down proteomics on mouse tissues demonstrates that H3.3 accumulates to near saturation levels in the chromatin of various somatic mouse tissues by late adulthood. Accumulation of H3.3 is associated with profound changes in genome-wide levels of both individual and
combinatorial H3 modifications.",K4unK23unK36unR8unR17unR26unK9me2K14acK18acK27me3
,"<a href=""http://www.uniprot.org/uniprot/#{histone.accessionNumber}"" target=""_blank"">P84244</a>",Histone H3.3,Mus musculus,"Male C57BL/6J mouse, liver",4,2017-06-05,veit,K9me2K14acK23me3K27me3,0.00319388,0,https://www.ebi.ac.uk/pride/archive/projects/PXD005300,ARTKQTARKSTGGKAPRKQLATKAARKSAPSTGGVKKPHRYRPGTVALRE,CrDB000105,"Middle-down proteomics on mouse tissues demonstrates that H3.3 accumulates to near saturation levels in the chromatin of various somatic mouse tissues by late adulthood. Accumulation of H3.3 is associated with profound changes in genome-wide levels of both individual and
combinatorial H3 modifications.",K4unK18unK36unR8unR17unR26unK9me2K14acK23me3K27me3
,"<a href=""http://www.uniprot.org/uniprot/#{histone.accessionNumber}"" target=""_blank"">P84244</a>",Histone H3.3,Mus musculus,"Male C57BL/6J mouse, liver",6,2017-06-05,veit,K9me1K14acK18me1K23me2K27me2K36me2,0.00146554,0,https://www.ebi.ac.uk/pride/archive/projects/PXD005300,ARTKQTARKSTGGKAPRKQLATKAARKSAPSTGGVKKPHRYRPGTVALRE,CrDB000105,"Middle-down proteomics on mouse tissues demonstrates that H3.3 accumulates to near saturation levels in the chromatin of various somatic mouse tissues by late adulthood. Accumulation of H3.3 is associated with profound changes in genome-wide levels of both individual and
combinatorial H3 modifications.",K4unR8unR17unR26unK9me1K14acK18me1K23me2K27me2K36me2
,"<a href=""http://www.uniprot.org/uniprot/#{histone.accessionNumber}"" target=""_blank"">P84244</a>",Histone H3.3,Mus musculus,"Male C57BL/6J mouse, liver",6,2017-06-05,veit,R8me1K14acR17me1K23me2K27me2K36me2,0.00030951,0,https://www.ebi.ac.uk/pride/archive/projects/PXD005300,ARTKQTARKSTGGKAPRKQLATKAARKSAPSTGGVKKPHRYRPGTVALRE,CrDB000105,"Middle-down proteomics on mouse tissues demonstrates that H3.3 accumulates to near saturation levels in the chromatin of various somatic mouse tissues by late adulthood. Accumulation of H3.3 is associated with profound changes in genome-wide levels of both individual and
combinatorial H3 modifications.",K4unK9unK18unR26unR8me1K14acR17me1K23me2K27me2K36me2
,"<a href=""http://www.uniprot.org/uniprot/#{histone.accessionNumber}"" target=""_blank"">P84244</a>",Histone H3.3,Mus musculus,"Male C57BL/6J mouse, liver",6,2017-06-05,veit,K9me1K14acK18acK23me1K27me1K36me2,0.00051828,0,https://www.ebi.ac.uk/pride/archive/projects/PXD005300,ARTKQTARKSTGGKAPRKQLATKAARKSAPSTGGVKKPHRYRPGTVALRE,CrDB000105,"Middle-down proteomics on mouse tissues demonstrates that H3.3 accumulates to near saturation levels in the chromatin of various somatic mouse tissues by late adulthood. Accumulation of H3.3 is associated with profound changes in genome-wide levels of both individual and
combinatorial H3 modifications.",K4unR8unR17unR26unK9me1K14acK18acK23me1K27me1K36me2
,"<a href=""http://www.uniprot.org/uniprot/#{histone.accessionNumber}"" target=""_blank"">P84244</a>",Histone H3.3,Mus musculus,"Male C57BL/6J mouse, liver",6,2017-06-05,veit,R8me1K14acR17me1K18acR26me1K36me2,0.00057376,0,https://www.ebi.ac.uk/pride/archive/projects/PXD005300,ARTKQTARKSTGGKAPRKQLATKAARKSAPSTGGVKKPHRYRPGTVALRE,CrDB000105,"Middle-down proteomics on mouse tissues demonstrates that H3.3 accumulates to near saturation levels in the chromatin of various somatic mouse tissues by late adulthood. Accumulation of H3.3 is associated with profound changes in genome-wide levels of both individual and
combinatorial H3 modifications.",K4unK9unK23unK27unR8me1K14acR17me1K18acR26me1K36me2
,"<a href=""http://www.uniprot.org/uniprot/#{histone.accessionNumber}"" target=""_blank"">P84244</a>",Histone H3.3,Mus musculus,"Male C57BL/6J mouse, liver",4,2017-06-05,veit,K9acK14acK27me3K36me2,0.00018279,0,https://www.ebi.ac.uk/pride/archive/projects/PXD005300,ARTKQTARKSTGGKAPRKQLATKAARKSAPSTGGVKKPHRYRPGTVALRE,CrDB000105,"Middle-down proteomics on mouse tissues demonstrates that H3.3 accumulates to near saturation levels in the chromatin of various somatic mouse tissues by late adulthood. Accumulation of H3.3 is associated with profound changes in genome-wide levels of both individual and
combinatorial H3 modifications.",K4unK18unK23unR8unR17unR26unK9acK14acK27me3K36me2
,"<a href=""http://www.uniprot.org/uniprot/#{histone.accessionNumber}"" target=""_blank"">P84228</a>",Histone H3.2,Mus musculus,"Male C57BL/6J mouse, liver",6,2017-06-05,veit,K4me1K9me1K18acK23acK27me3K36me2,0.00153562,0,https://www.ebi.ac.uk/pride/archive/projects/PXD005300,ARTKQTARKSTGGKAPRKQLATKAARKSAPATGGVKKPHRYRPGTVALRE,CrDB000105,"Middle-down proteomics on mouse tissues demonstrates that H3.3 accumulates to near saturation levels in the chromatin of various somatic mouse tissues by late adulthood. Accumulation of H3.3 is associated with profound changes in genome-wide levels of both individual and
combinatorial H3 modifications.",K14unR8unR17unR26unK4me1K9me1K18acK23acK27me3K36me2
,"<a href=""http://www.uniprot.org/uniprot/#{histone.accessionNumber}"" target=""_blank"">P84244</a>",Histone H3.3,Mus musculus,"Male C57BL/6J mouse, liver",5,2017-06-05,veit,K14acK18acK23acK27me1K36me2,0.00136839,0,https://www.ebi.ac.uk/pride/archive/projects/PXD005300,ARTKQTARKSTGGKAPRKQLATKAARKSAPSTGGVKKPHRYRPGTVALRE,CrDB000105,"Middle-down proteomics on mouse tissues demonstrates that H3.3 accumulates to near saturation levels in the chromatin of various somatic mouse tissues by late adulthood. Accumulation of H3.3 is associated with profound changes in genome-wide levels of both individual and
combinatorial H3 modifications.",K4unK9unR8unR17unR26unK14acK18acK23acK27me1K36me2
,"<a href=""http://www.uniprot.org/uniprot/#{histone.accessionNumber}"" target=""_blank"">P84244</a>",Histone H3.3,Mus musculus,"Male C57BL/6J mouse, liver",4,2017-06-05,veit,K14acK18acK23acK27me3,0.00035291,0,https://www.ebi.ac.uk/pride/archive/projects/PXD005300,ARTKQTARKSTGGKAPRKQLATKAARKSAPSTGGVKKPHRYRPGTVALRE,CrDB000105,"Middle-down proteomics on mouse tissues demonstrates that H3.3 accumulates to near saturation levels in the chromatin of various somatic mouse tissues by late adulthood. Accumulation of H3.3 is associated with profound changes in genome-wide levels of both individual and
combinatorial H3 modifications.",K4unK9unK36unR8unR17unR26unK14acK18acK23acK27me3
,"<a href=""http://www.uniprot.org/uniprot/#{histone.accessionNumber}"" target=""_blank"">P84244</a>",Histone H3.3,Mus musculus,"Male C57BL/6J mouse, liver",6,2017-06-05,veit,K9me2K14acK18me1K23me2K27me2K36me2,0.00114073,0,https://www.ebi.ac.uk/pride/archive/projects/PXD005300,ARTKQTARKSTGGKAPRKQLATKAARKSAPSTGGVKKPHRYRPGTVALRE,CrDB000105,"Middle-down proteomics on mouse tissues demonstrates that H3.3 accumulates to near saturation levels in the chromatin of various somatic mouse tissues by late adulthood. Accumulation of H3.3 is associated with profound changes in genome-wide levels of both individual and
combinatorial H3 modifications.",K4unR8unR17unR26unK9me2K14acK18me1K23me2K27me2K36me2
,"<a href=""http://www.uniprot.org/uniprot/#{histone.accessionNumber}"" target=""_blank"">P84244</a>",Histone H3.3,Mus musculus,"Male C57BL/6J mouse, liver",6,2017-06-05,veit,K9me2K14acK18acK23me1K27me1K36me2,0.00158768,0,https://www.ebi.ac.uk/pride/archive/projects/PXD005300,ARTKQTARKSTGGKAPRKQLATKAARKSAPSTGGVKKPHRYRPGTVALRE,CrDB000105,"Middle-down proteomics on mouse tissues demonstrates that H3.3 accumulates to near saturation levels in the chromatin of various somatic mouse tissues by late adulthood. Accumulation of H3.3 is associated with profound changes in genome-wide levels of both individual and
combinatorial H3 modifications.",K4unR8unR17unR26unK9me2K14acK18acK23me1K27me1K36me2
,"<a href=""http://www.uniprot.org/uniprot/#{histone.accessionNumber}"" target=""_blank"">P84244</a>",Histone H3.3,Mus musculus,"Male C57BL/6J mouse, liver",5,2017-06-05,veit,K14me2K18acK23acK27me2K36me2,0.0001349,0,https://www.ebi.ac.uk/pride/archive/projects/PXD005300,ARTKQTARKSTGGKAPRKQLATKAARKSAPSTGGVKKPHRYRPGTVALRE,CrDB000105,"Middle-down proteomics on mouse tissues demonstrates that H3.3 accumulates to near saturation levels in the chromatin of various somatic mouse tissues by late adulthood. Accumulation of H3.3 is associated with profound changes in genome-wide levels of both individual and
combinatorial H3 modifications.",K4unK9unR8unR17unR26unK14me2K18acK23acK27me2K36me2
,"<a href=""http://www.uniprot.org/uniprot/#{histone.accessionNumber}"" target=""_blank"">P84244</a>",Histone H3.3,Mus musculus,"Male C57BL/6J mouse, liver",6,2017-06-05,veit,K4me1K9me1K18acK23acK27me2K36me2,0.00060622,0,https://www.ebi.ac.uk/pride/archive/projects/PXD005300,ARTKQTARKSTGGKAPRKQLATKAARKSAPSTGGVKKPHRYRPGTVALRE,CrDB000105,"Middle-down proteomics on mouse tissues demonstrates that H3.3 accumulates to near saturation levels in the chromatin of various somatic mouse tissues by late adulthood. Accumulation of H3.3 is associated with profound changes in genome-wide levels of both individual and
combinatorial H3 modifications.",K14unR8unR17unR26unK4me1K9me1K18acK23acK27me2K36me2
,"<a href=""http://www.uniprot.org/uniprot/#{histone.accessionNumber}"" target=""_blank"">P84244</a>",Histone H3.3,Mus musculus,"Male C57BL/6J mouse, liver",5,2017-06-05,veit,K9me1K14acK18acK23acK36me3,0.00014576,0,https://www.ebi.ac.uk/pride/archive/projects/PXD005300,ARTKQTARKSTGGKAPRKQLATKAARKSAPSTGGVKKPHRYRPGTVALRE,CrDB000105,"Middle-down proteomics on mouse tissues demonstrates that H3.3 accumulates to near saturation levels in the chromatin of various somatic mouse tissues by late adulthood. Accumulation of H3.3 is associated with profound changes in genome-wide levels of both individual and
combinatorial H3 modifications.",K4unK27unR8unR17unR26unK9me1K14acK18acK23acK36me3
,"<a href=""http://www.uniprot.org/uniprot/#{histone.accessionNumber}"" target=""_blank"">P84244</a>",Histone H3.3,Mus musculus,"Male C57BL/6J mouse, liver",6,2017-06-05,veit,K9me1K14acK18acK23acK27me1K36me2,0.00260078,0,https://www.ebi.ac.uk/pride/archive/projects/PXD005300,ARTKQTARKSTGGKAPRKQLATKAARKSAPSTGGVKKPHRYRPGTVALRE,CrDB000105,"Middle-down proteomics on mouse tissues demonstrates that H3.3 accumulates to near saturation levels in the chromatin of various somatic mouse tissues by late adulthood. Accumulation of H3.3 is associated with profound changes in genome-wide levels of both individual and
combinatorial H3 modifications.",K4unR8unR17unR26unK9me1K14acK18acK23acK27me1K36me2
,"<a href=""http://www.uniprot.org/uniprot/#{histone.accessionNumber}"" target=""_blank"">P84244</a>",Histone H3.3,Mus musculus,"Male C57BL/6J mouse, liver",5,2017-06-05,veit,K14acR17me2K18acK23acK36me2,0.00031741,0,https://www.ebi.ac.uk/pride/archive/projects/PXD005300,ARTKQTARKSTGGKAPRKQLATKAARKSAPSTGGVKKPHRYRPGTVALRE,CrDB000105,"Middle-down proteomics on mouse tissues demonstrates that H3.3 accumulates to near saturation levels in the chromatin of various somatic mouse tissues by late adulthood. Accumulation of H3.3 is associated with profound changes in genome-wide levels of both individual and
combinatorial H3 modifications.",K4unK9unK27unR8unR26unK14acR17me2K18acK23acK36me2
,"<a href=""http://www.uniprot.org/uniprot/#{histone.accessionNumber}"" target=""_blank"">P84244</a>",Histone H3.3,Mus musculus,"Male C57BL/6J mouse, liver",5,2017-06-05,veit,K14acK18acK23acK27me2K36me2,0.00263799,0,https://www.ebi.ac.uk/pride/archive/projects/PXD005300,ARTKQTARKSTGGKAPRKQLATKAARKSAPSTGGVKKPHRYRPGTVALRE,CrDB000105,"Middle-down proteomics on mouse tissues demonstrates that H3.3 accumulates to near saturation levels in the chromatin of various somatic mouse tissues by late adulthood. Accumulation of H3.3 is associated with profound changes in genome-wide levels of both individual and
combinatorial H3 modifications.",K4unK9unR8unR17unR26unK14acK18acK23acK27me2K36me2
,"<a href=""http://www.uniprot.org/uniprot/#{histone.accessionNumber}"" target=""_blank"">P84244</a>",Histone H3.3,Mus musculus,"Male C57BL/6J mouse, liver",5,2017-06-05,veit,K9me1K14acK18acK23acK27me3,0.00039098,0,https://www.ebi.ac.uk/pride/archive/projects/PXD005300,ARTKQTARKSTGGKAPRKQLATKAARKSAPSTGGVKKPHRYRPGTVALRE,CrDB000105,"Middle-down proteomics on mouse tissues demonstrates that H3.3 accumulates to near saturation levels in the chromatin of various somatic mouse tissues by late adulthood. Accumulation of H3.3 is associated with profound changes in genome-wide levels of both individual and
combinatorial H3 modifications.",K4unK36unR8unR17unR26unK9me1K14acK18acK23acK27me3
,"<a href=""http://www.uniprot.org/uniprot/#{histone.accessionNumber}"" target=""_blank"">P84244</a>",Histone H3.3,Mus musculus,"Male C57BL/6J mouse, liver",6,2017-06-05,veit,R8me1K14acR17me1K18acK23acK36me2,0.00014071,0,https://www.ebi.ac.uk/pride/archive/projects/PXD005300,ARTKQTARKSTGGKAPRKQLATKAARKSAPSTGGVKKPHRYRPGTVALRE,CrDB000105,"Middle-down proteomics on mouse tissues demonstrates that H3.3 accumulates to near saturation levels in the chromatin of various somatic mouse tissues by late adulthood. Accumulation of H3.3 is associated with profound changes in genome-wide levels of both individual and
combinatorial H3 modifications.",K4unK9unK27unR26unR8me1K14acR17me1K18acK23acK36me2
,"<a href=""http://www.uniprot.org/uniprot/#{histone.accessionNumber}"" target=""_blank"">P84244</a>",Histone H3.3,Mus musculus,"Male C57BL/6J mouse, liver",7,2017-06-05,veit,K4me1K9me1K14acK18me1K23me3K27me2K36me2,0.0002072,0,https://www.ebi.ac.uk/pride/archive/projects/PXD005300,ARTKQTARKSTGGKAPRKQLATKAARKSAPSTGGVKKPHRYRPGTVALRE,CrDB000105,"Middle-down proteomics on mouse tissues demonstrates that H3.3 accumulates to near saturation levels in the chromatin of various somatic mouse tissues by late adulthood. Accumulation of H3.3 is associated with profound changes in genome-wide levels of both individual and
combinatorial H3 modifications.",R8unR17unR26unK4me1K9me1K14acK18me1K23me3K27me2K36me2
,"<a href=""http://www.uniprot.org/uniprot/#{histone.accessionNumber}"" target=""_blank"">P84244</a>",Histone H3.3,Mus musculus,"Male C57BL/6J mouse, liver",5,2017-06-05,veit,K14acK18acK23acR26me2K36me2,0.0008553,0,https://www.ebi.ac.uk/pride/archive/projects/PXD005300,ARTKQTARKSTGGKAPRKQLATKAARKSAPSTGGVKKPHRYRPGTVALRE,CrDB000105,"Middle-down proteomics on mouse tissues demonstrates that H3.3 accumulates to near saturation levels in the chromatin of various somatic mouse tissues by late adulthood. Accumulation of H3.3 is associated with profound changes in genome-wide levels of both individual and
combinatorial H3 modifications.",K4unK9unK27unR8unR17unK14acK18acK23acR26me2K36me2
,"<a href=""http://www.uniprot.org/uniprot/#{histone.accessionNumber}"" target=""_blank"">P84244</a>",Histone H3.3,Mus musculus,"Male C57BL/6J mouse, liver",6,2017-06-05,veit,K9me2K14me1K18acK23acK27me2K36me2,5.016e-05,0,https://www.ebi.ac.uk/pride/archive/projects/PXD005300,ARTKQTARKSTGGKAPRKQLATKAARKSAPSTGGVKKPHRYRPGTVALRE,CrDB000105,"Middle-down proteomics on mouse tissues demonstrates that H3.3 accumulates to near saturation levels in the chromatin of various somatic mouse tissues by late adulthood. Accumulation of H3.3 is associated with profound changes in genome-wide levels of both individual and
combinatorial H3 modifications.",K4unR8unR17unR26unK9me2K14me1K18acK23acK27me2K36me2
,"<a href=""http://www.uniprot.org/uniprot/#{histone.accessionNumber}"" target=""_blank"">P84244</a>",Histone H3.3,Mus musculus,"Male C57BL/6J mouse, liver",6,2017-06-05,veit,K9me2K14acK18acK23me1K27me2K36me2,0.00062035,0,https://www.ebi.ac.uk/pride/archive/projects/PXD005300,ARTKQTARKSTGGKAPRKQLATKAARKSAPSTGGVKKPHRYRPGTVALRE,CrDB000105,"Middle-down proteomics on mouse tissues demonstrates that H3.3 accumulates to near saturation levels in the chromatin of various somatic mouse tissues by late adulthood. Accumulation of H3.3 is associated with profound changes in genome-wide levels of both individual and
combinatorial H3 modifications.",K4unR8unR17unR26unK9me2K14acK18acK23me1K27me2K36me2
,"<a href=""http://www.uniprot.org/uniprot/#{histone.accessionNumber}"" target=""_blank"">P84244</a>",Histone H3.3,Mus musculus,"Male C57BL/6J mouse, liver",5,2017-06-05,veit,K9me3K14acK18acK27me2K36me2,0.00074675,0,https://www.ebi.ac.uk/pride/archive/projects/PXD005300,ARTKQTARKSTGGKAPRKQLATKAARKSAPSTGGVKKPHRYRPGTVALRE,CrDB000105,"Middle-down proteomics on mouse tissues demonstrates that H3.3 accumulates to near saturation levels in the chromatin of various somatic mouse tissues by late adulthood. Accumulation of H3.3 is associated with profound changes in genome-wide levels of both individual and
combinatorial H3 modifications.",K4unK23unR8unR17unR26unK9me3K14acK18acK27me2K36me2
,"<a href=""http://www.uniprot.org/uniprot/#{histone.accessionNumber}"" target=""_blank"">P84244</a>",Histone H3.3,Mus musculus,"Male C57BL/6J mouse, liver",5,2017-06-05,veit,K9me3K18acK23acK27me2K36me2,0.00029205,0,https://www.ebi.ac.uk/pride/archive/projects/PXD005300,ARTKQTARKSTGGKAPRKQLATKAARKSAPSTGGVKKPHRYRPGTVALRE,CrDB000105,"Middle-down proteomics on mouse tissues demonstrates that H3.3 accumulates to near saturation levels in the chromatin of various somatic mouse tissues by late adulthood. Accumulation of H3.3 is associated with profound changes in genome-wide levels of both individual and
combinatorial H3 modifications.",K4unK14unR8unR17unR26unK9me3K18acK23acK27me2K36me2
,"<a href=""http://www.uniprot.org/uniprot/#{histone.accessionNumber}"" target=""_blank"">P84244</a>",Histone H3.3,Mus musculus,"Male C57BL/6J mouse, liver",6,2017-06-05,veit,K9me2K14acK18acK23acK27me1K36me2,0.00297621,0,https://www.ebi.ac.uk/pride/archive/projects/PXD005300,ARTKQTARKSTGGKAPRKQLATKAARKSAPSTGGVKKPHRYRPGTVALRE,CrDB000105,"Middle-down proteomics on mouse tissues demonstrates that H3.3 accumulates to near saturation levels in the chromatin of various somatic mouse tissues by late adulthood. Accumulation of H3.3 is associated with profound changes in genome-wide levels of both individual and
combinatorial H3 modifications.",K4unR8unR17unR26unK9me2K14acK18acK23acK27me1K36me2
,"<a href=""http://www.uniprot.org/uniprot/#{histone.accessionNumber}"" target=""_blank"">P84244</a>",Histone H3.3,Mus musculus,"Male C57BL/6J mouse, liver",7,2017-06-05,veit,K4me1K9me1K14acK18acK23me2K27me2K36me2,6.532e-05,0,https://www.ebi.ac.uk/pride/archive/projects/PXD005300,ARTKQTARKSTGGKAPRKQLATKAARKSAPSTGGVKKPHRYRPGTVALRE,CrDB000105,"Middle-down proteomics on mouse tissues demonstrates that H3.3 accumulates to near saturation levels in the chromatin of various somatic mouse tissues by late adulthood. Accumulation of H3.3 is associated with profound changes in genome-wide levels of both individual and
combinatorial H3 modifications.",R8unR17unR26unK4me1K9me1K14acK18acK23me2K27me2K36me2
,"<a href=""http://www.uniprot.org/uniprot/#{histone.accessionNumber}"" target=""_blank"">P84244</a>",Histone H3.3,Mus musculus,"Male C57BL/6J mouse, liver",6,2017-06-05,veit,K9me2K14acK18acK23me2K27me2K36me2,0.0002253,0,https://www.ebi.ac.uk/pride/archive/projects/PXD005300,ARTKQTARKSTGGKAPRKQLATKAARKSAPSTGGVKKPHRYRPGTVALRE,CrDB000105,"Middle-down proteomics on mouse tissues demonstrates that H3.3 accumulates to near saturation levels in the chromatin of various somatic mouse tissues by late adulthood. Accumulation of H3.3 is associated with profound changes in genome-wide levels of both individual and
combinatorial H3 modifications.",K4unR8unR17unR26unK9me2K14acK18acK23me2K27me2K36me2
,"<a href=""http://www.uniprot.org/uniprot/#{histone.accessionNumber}"" target=""_blank"">P84244</a>",Histone H3.3,Mus musculus,"Male C57BL/6J mouse, liver",6,2017-06-05,veit,K9me1K14acK18acK23acK27me2K36me2,0.00118487,0,https://www.ebi.ac.uk/pride/archive/projects/PXD005300,ARTKQTARKSTGGKAPRKQLATKAARKSAPSTGGVKKPHRYRPGTVALRE,CrDB000105,"Middle-down proteomics on mouse tissues demonstrates that H3.3 accumulates to near saturation levels in the chromatin of various somatic mouse tissues by late adulthood. Accumulation of H3.3 is associated with profound changes in genome-wide levels of both individual and
combinatorial H3 modifications.",K4unR8unR17unR26unK9me1K14acK18acK23acK27me2K36me2
,"<a href=""http://www.uniprot.org/uniprot/#{histone.accessionNumber}"" target=""_blank"">P84244</a>",Histone H3.3,Mus musculus,"Male C57BL/6J mouse, liver",6,2017-06-05,veit,R8me1K14acK18acK23acK27me2K36me2,9.343e-05,0,https://www.ebi.ac.uk/pride/archive/projects/PXD005300,ARTKQTARKSTGGKAPRKQLATKAARKSAPSTGGVKKPHRYRPGTVALRE,CrDB000105,"Middle-down proteomics on mouse tissues demonstrates that H3.3 accumulates to near saturation levels in the chromatin of various somatic mouse tissues by late adulthood. Accumulation of H3.3 is associated with profound changes in genome-wide levels of both individual and
combinatorial H3 modifications.",K4unK9unR17unR26unR8me1K14acK18acK23acK27me2K36me2
,"<a href=""http://www.uniprot.org/uniprot/#{histone.accessionNumber}"" target=""_blank"">P84244</a>",Histone H3.3,Mus musculus,"Male C57BL/6J mouse, liver",7,2017-06-05,veit,R8me1K9me1K14acK18acK23acK27me1K36me2,0.00055736,0,https://www.ebi.ac.uk/pride/archive/projects/PXD005300,ARTKQTARKSTGGKAPRKQLATKAARKSAPSTGGVKKPHRYRPGTVALRE,CrDB000105,"Middle-down proteomics on mouse tissues demonstrates that H3.3 accumulates to near saturation levels in the chromatin of various somatic mouse tissues by late adulthood. Accumulation of H3.3 is associated with profound changes in genome-wide levels of both individual and
combinatorial H3 modifications.",K4unR17unR26unR8me1K9me1K14acK18acK23acK27me1K36me2
,"<a href=""http://www.uniprot.org/uniprot/#{histone.accessionNumber}"" target=""_blank"">P84244</a>",Histone H3.3,Mus musculus,"Male C57BL/6J mouse, liver",6,2017-06-05,veit,K4me1K14acK18acK23acK27me2K36me2,0.0001333,0,https://www.ebi.ac.uk/pride/archive/projects/PXD005300,ARTKQTARKSTGGKAPRKQLATKAARKSAPSTGGVKKPHRYRPGTVALRE,CrDB000105,"Middle-down proteomics on mouse tissues demonstrates that H3.3 accumulates to near saturation levels in the chromatin of various somatic mouse tissues by late adulthood. Accumulation of H3.3 is associated with profound changes in genome-wide levels of both individual and
combinatorial H3 modifications.",K9unR8unR17unR26unK4me1K14acK18acK23acK27me2K36me2
,"<a href=""http://www.uniprot.org/uniprot/#{histone.accessionNumber}"" target=""_blank"">P84244</a>",Histone H3.3,Mus musculus,"Male C57BL/6J mouse, liver",7,2017-06-05,veit,K4me1K9me1K14acK18acK23acK27me2K36me2,0.00011513,0,https://www.ebi.ac.uk/pride/archive/projects/PXD005300,ARTKQTARKSTGGKAPRKQLATKAARKSAPSTGGVKKPHRYRPGTVALRE,CrDB000105,"Middle-down proteomics on mouse tissues demonstrates that H3.3 accumulates to near saturation levels in the chromatin of various somatic mouse tissues by late adulthood. Accumulation of H3.3 is associated with profound changes in genome-wide levels of both individual and
combinatorial H3 modifications.",R8unR17unR26unK4me1K9me1K14acK18acK23acK27me2K36me2
,"<a href=""http://www.uniprot.org/uniprot/#{histone.accessionNumber}"" target=""_blank"">P84228</a>",Histone H3.2,Mus musculus,"Male C57BL/6J mouse, liver",2,2017-06-05,veit,K27me1K36me3,0.00011646,0,https://www.ebi.ac.uk/pride/archive/projects/PXD005300,ARTKQTARKSTGGKAPRKQLATKAARKSAPATGGVKKPHRYRPGTVALRE,CrDB000105,"Middle-down proteomics on mouse tissues demonstrates that H3.3 accumulates to near saturation levels in the chromatin of various somatic mouse tissues by late adulthood. Accumulation of H3.3 is associated with profound changes in genome-wide levels of both individual and
combinatorial H3 modifications.",K4unK9unK14unK18unK23unR8unR17unR26unK27me1K36me3
,"<a href=""http://www.uniprot.org/uniprot/#{histone.accessionNumber}"" target=""_blank"">P84228</a>",Histone H3.2,Mus musculus,"Male C57BL/6J mouse, liver",2,2017-06-05,veit,K27acK36me1,9.547e-05,0,https://www.ebi.ac.uk/pride/archive/projects/PXD005300,ARTKQTARKSTGGKAPRKQLATKAARKSAPATGGVKKPHRYRPGTVALRE,CrDB000105,"Middle-down proteomics on mouse tissues demonstrates that H3.3 accumulates to near saturation levels in the chromatin of various somatic mouse tissues by late adulthood. Accumulation of H3.3 is associated with profound changes in genome-wide levels of both individual and
combinatorial H3 modifications.",K4unK9unK14unK18unK23unR8unR17unR26unK27acK36me1
,"<a href=""http://www.uniprot.org/uniprot/#{histone.accessionNumber}"" target=""_blank"">P84228</a>",Histone H3.2,Mus musculus,"Male C57BL/6J mouse, liver",3,2017-06-05,veit,R8me1K14me1K27me2,0.00019483,0,https://www.ebi.ac.uk/pride/archive/projects/PXD005300,ARTKQTARKSTGGKAPRKQLATKAARKSAPATGGVKKPHRYRPGTVALRE,CrDB000105,"Middle-down proteomics on mouse tissues demonstrates that H3.3 accumulates to near saturation levels in the chromatin of various somatic mouse tissues by late adulthood. Accumulation of H3.3 is associated with profound changes in genome-wide levels of both individual and
combinatorial H3 modifications.",K4unK9unK18unK23unK36unR17unR26unR8me1K14me1K27me2
,"<a href=""http://www.uniprot.org/uniprot/#{histone.accessionNumber}"" target=""_blank"">P84244</a>",Histone H3.3,Mus musculus,"Male C57BL/6J mouse, liver",1,2017-06-05,veit,K23ac,0.00014797,0,https://www.ebi.ac.uk/pride/archive/projects/PXD005300,ARTKQTARKSTGGKAPRKQLATKAARKSAPSTGGVKKPHRYRPGTVALRE,CrDB000105,"Middle-down proteomics on mouse tissues demonstrates that H3.3 accumulates to near saturation levels in the chromatin of various somatic mouse tissues by late adulthood. Accumulation of H3.3 is associated with profound changes in genome-wide levels of both individual and
combinatorial H3 modifications.",K4unK9unK14unK18unK27unK36unR8unR17unR26unK23ac
,"<a href=""http://www.uniprot.org/uniprot/#{histone.accessionNumber}"" target=""_blank"">P84228</a>",Histone H3.2,Mus musculus,"Male C57BL/6J mouse, liver",4,2017-06-05,veit,K9me2K23me1K27me1K36me1,0.00103389,0,https://www.ebi.ac.uk/pride/archive/projects/PXD005300,ARTKQTARKSTGGKAPRKQLATKAARKSAPATGGVKKPHRYRPGTVALRE,CrDB000105,"Middle-down proteomics on mouse tissues demonstrates that H3.3 accumulates to near saturation levels in the chromatin of various somatic mouse tissues by late adulthood. Accumulation of H3.3 is associated with profound changes in genome-wide levels of both individual and
combinatorial H3 modifications.",K4unK14unK18unR8unR17unR26unK9me2K23me1K27me1K36me1
,"<a href=""http://www.uniprot.org/uniprot/#{histone.accessionNumber}"" target=""_blank"">P84228</a>",Histone H3.2,Mus musculus,"Male C57BL/6J mouse, liver",2,2017-06-05,veit,K9me2K36me3,0.00316066,0,https://www.ebi.ac.uk/pride/archive/projects/PXD005300,ARTKQTARKSTGGKAPRKQLATKAARKSAPATGGVKKPHRYRPGTVALRE,CrDB000105,"Middle-down proteomics on mouse tissues demonstrates that H3.3 accumulates to near saturation levels in the chromatin of various somatic mouse tissues by late adulthood. Accumulation of H3.3 is associated with profound changes in genome-wide levels of both individual and
combinatorial H3 modifications.",K4unK14unK18unK23unK27unR8unR17unR26unK9me2K36me3
,"<a href=""http://www.uniprot.org/uniprot/#{histone.accessionNumber}"" target=""_blank"">P84228</a>",Histone H3.2,Mus musculus,"Male C57BL/6J mouse, liver",4,2017-06-05,veit,R8me1K9me1R17me1K27me2,0.00070421,0,https://www.ebi.ac.uk/pride/archive/projects/PXD005300,ARTKQTARKSTGGKAPRKQLATKAARKSAPATGGVKKPHRYRPGTVALRE,CrDB000105,"Middle-down proteomics on mouse tissues demonstrates that H3.3 accumulates to near saturation levels in the chromatin of various somatic mouse tissues by late adulthood. Accumulation of H3.3 is associated with profound changes in genome-wide levels of both individual and
combinatorial H3 modifications.",K4unK14unK18unK23unK36unR26unR8me1K9me1R17me1K27me2
,"<a href=""http://www.uniprot.org/uniprot/#{histone.accessionNumber}"" target=""_blank"">P84228</a>",Histone H3.2,Mus musculus,"Male C57BL/6J mouse, liver",4,2017-06-05,veit,K9me2R17me1K27me1K36me1,0.00337004,0,https://www.ebi.ac.uk/pride/archive/projects/PXD005300,ARTKQTARKSTGGKAPRKQLATKAARKSAPATGGVKKPHRYRPGTVALRE,CrDB000105,"Middle-down proteomics on mouse tissues demonstrates that H3.3 accumulates to near saturation levels in the chromatin of various somatic mouse tissues by late adulthood. Accumulation of H3.3 is associated with profound changes in genome-wide levels of both individual and
combinatorial H3 modifications.",K4unK14unK18unK23unR8unR26unK9me2R17me1K27me1K36me1
,"<a href=""http://www.uniprot.org/uniprot/#{histone.accessionNumber}"" target=""_blank"">P84228</a>",Histone H3.2,Mus musculus,"Male C57BL/6J mouse, liver",3,2017-06-05,veit,K14me1R17me2K27me2,0.00070047,0,https://www.ebi.ac.uk/pride/archive/projects/PXD005300,ARTKQTARKSTGGKAPRKQLATKAARKSAPATGGVKKPHRYRPGTVALRE,CrDB000105,"Middle-down proteomics on mouse tissues demonstrates that H3.3 accumulates to near saturation levels in the chromatin of various somatic mouse tissues by late adulthood. Accumulation of H3.3 is associated with profound changes in genome-wide levels of both individual and
combinatorial H3 modifications.",K4unK9unK18unK23unK36unR8unR26unK14me1R17me2K27me2
,"<a href=""http://www.uniprot.org/uniprot/#{histone.accessionNumber}"" target=""_blank"">P84228</a>",Histone H3.2,Mus musculus,"Male C57BL/6J mouse, liver",3,2017-06-05,veit,K9me1R17me1K27me3,0.00063615,0,https://www.ebi.ac.uk/pride/archive/projects/PXD005300,ARTKQTARKSTGGKAPRKQLATKAARKSAPATGGVKKPHRYRPGTVALRE,CrDB000105,"Middle-down proteomics on mouse tissues demonstrates that H3.3 accumulates to near saturation levels in the chromatin of various somatic mouse tissues by late adulthood. Accumulation of H3.3 is associated with profound changes in genome-wide levels of both individual and
combinatorial H3 modifications.",K4unK14unK18unK23unK36unR8unR26unK9me1R17me1K27me3
,"<a href=""http://www.uniprot.org/uniprot/#{histone.accessionNumber}"" target=""_blank"">P84228</a>",Histone H3.2,Mus musculus,"Male C57BL/6J mouse, liver",4,2017-06-05,veit,K9me1K14me1R17me1K27me2,0.00045628,0,https://www.ebi.ac.uk/pride/archive/projects/PXD005300,ARTKQTARKSTGGKAPRKQLATKAARKSAPATGGVKKPHRYRPGTVALRE,CrDB000105,"Middle-down proteomics on mouse tissues demonstrates that H3.3 accumulates to near saturation levels in the chromatin of various somatic mouse tissues by late adulthood. Accumulation of H3.3 is associated with profound changes in genome-wide levels of both individual and
combinatorial H3 modifications.",K4unK18unK23unK36unR8unR26unK9me1K14me1R17me1K27me2
,"<a href=""http://www.uniprot.org/uniprot/#{histone.accessionNumber}"" target=""_blank"">P84228</a>",Histone H3.2,Mus musculus,"Male C57BL/6J mouse, liver",4,2017-06-05,veit,R8me1K9me1K14me1K27me2,0.00086513,0,https://www.ebi.ac.uk/pride/archive/projects/PXD005300,ARTKQTARKSTGGKAPRKQLATKAARKSAPATGGVKKPHRYRPGTVALRE,CrDB000105,"Middle-down proteomics on mouse tissues demonstrates that H3.3 accumulates to near saturation levels in the chromatin of various somatic mouse tissues by late adulthood. Accumulation of H3.3 is associated with profound changes in genome-wide levels of both individual and
combinatorial H3 modifications.",K4unK18unK23unK36unR17unR26unR8me1K9me1K14me1K27me2
,"<a href=""http://www.uniprot.org/uniprot/#{histone.accessionNumber}"" target=""_blank"">P84228</a>",Histone H3.2,Mus musculus,"Male C57BL/6J mouse, liver",3,2017-06-05,veit,K9me3K27me1K36me1,0.00047081,0,https://www.ebi.ac.uk/pride/archive/projects/PXD005300,ARTKQTARKSTGGKAPRKQLATKAARKSAPATGGVKKPHRYRPGTVALRE,CrDB000105,"Middle-down proteomics on mouse tissues demonstrates that H3.3 accumulates to near saturation levels in the chromatin of various somatic mouse tissues by late adulthood. Accumulation of H3.3 is associated with profound changes in genome-wide levels of both individual and
combinatorial H3 modifications.",K4unK14unK18unK23unR8unR17unR26unK9me3K27me1K36me1
,"<a href=""http://www.uniprot.org/uniprot/#{histone.accessionNumber}"" target=""_blank"">P84244</a>",Histone H3.3,Mus musculus,"Male C57BL/6J mouse, liver",2,2017-06-05,veit,K27me1K36me3,0.00430166,0,https://www.ebi.ac.uk/pride/archive/projects/PXD005300,ARTKQTARKSTGGKAPRKQLATKAARKSAPSTGGVKKPHRYRPGTVALRE,CrDB000105,"Middle-down proteomics on mouse tissues demonstrates that H3.3 accumulates to near saturation levels in the chromatin of various somatic mouse tissues by late adulthood. Accumulation of H3.3 is associated with profound changes in genome-wide levels of both individual and
combinatorial H3 modifications.",K4unK9unK14unK18unK23unR8unR17unR26unK27me1K36me3
,"<a href=""http://www.uniprot.org/uniprot/#{histone.accessionNumber}"" target=""_blank"">P84244</a>",Histone H3.3,Mus musculus,"Male C57BL/6J mouse, liver",2,2017-06-05,veit,K23me1K27me3,1.946e-05,0,https://www.ebi.ac.uk/pride/archive/projects/PXD005300,ARTKQTARKSTGGKAPRKQLATKAARKSAPSTGGVKKPHRYRPGTVALRE,CrDB000105,"Middle-down proteomics on mouse tissues demonstrates that H3.3 accumulates to near saturation levels in the chromatin of various somatic mouse tissues by late adulthood. Accumulation of H3.3 is associated with profound changes in genome-wide levels of both individual and
combinatorial H3 modifications.",K4unK9unK14unK18unK36unR8unR17unR26unK23me1K27me3
,"<a href=""http://www.uniprot.org/uniprot/#{histone.accessionNumber}"" target=""_blank"">P84244</a>",Histone H3.3,Mus musculus,"Male C57BL/6J mouse, liver",2,2017-06-05,veit,K14me2K18me2,0.00016034,0,https://www.ebi.ac.uk/pride/archive/projects/PXD005300,ARTKQTARKSTGGKAPRKQLATKAARKSAPSTGGVKKPHRYRPGTVALRE,CrDB000105,"Middle-down proteomics on mouse tissues demonstrates that H3.3 accumulates to near saturation levels in the chromatin of various somatic mouse tissues by late adulthood. Accumulation of H3.3 is associated with profound changes in genome-wide levels of both individual and
combinatorial H3 modifications.",K4unK9unK23unK27unK36unR8unR17unR26unK14me2K18me2
,"<a href=""http://www.uniprot.org/uniprot/#{histone.accessionNumber}"" target=""_blank"">P84228</a>",Histone H3.2,Mus musculus,"Male C57BL/6J mouse, liver",2,2017-06-05,veit,K27acK36me2,0.00021306,0,https://www.ebi.ac.uk/pride/archive/projects/PXD005300,ARTKQTARKSTGGKAPRKQLATKAARKSAPATGGVKKPHRYRPGTVALRE,CrDB000105,"Middle-down proteomics on mouse tissues demonstrates that H3.3 accumulates to near saturation levels in the chromatin of various somatic mouse tissues by late adulthood. Accumulation of H3.3 is associated with profound changes in genome-wide levels of both individual and
combinatorial H3 modifications.",K4unK9unK14unK18unK23unR8unR17unR26unK27acK36me2
,"<a href=""http://www.uniprot.org/uniprot/#{histone.accessionNumber}"" target=""_blank"">P84244</a>",Histone H3.3,Mus musculus,"Male C57BL/6J mouse, liver",3,2017-06-05,veit,K18me2K27me1K36me1,0.00014299,0,https://www.ebi.ac.uk/pride/archive/projects/PXD005300,ARTKQTARKSTGGKAPRKQLATKAARKSAPSTGGVKKPHRYRPGTVALRE,CrDB000105,"Middle-down proteomics on mouse tissues demonstrates that H3.3 accumulates to near saturation levels in the chromatin of various somatic mouse tissues by late adulthood. Accumulation of H3.3 is associated with profound changes in genome-wide levels of both individual and
combinatorial H3 modifications.",K4unK9unK14unK23unR8unR17unR26unK18me2K27me1K36me1
,"<a href=""http://www.uniprot.org/uniprot/#{histone.accessionNumber}"" target=""_blank"">P84244</a>",Histone H3.3,Mus musculus,"Male C57BL/6J mouse, liver",2,2017-06-05,veit,R26me2K27me2,0.0004502,0,https://www.ebi.ac.uk/pride/archive/projects/PXD005300,ARTKQTARKSTGGKAPRKQLATKAARKSAPSTGGVKKPHRYRPGTVALRE,CrDB000105,"Middle-down proteomics on mouse tissues demonstrates that H3.3 accumulates to near saturation levels in the chromatin of various somatic mouse tissues by late adulthood. Accumulation of H3.3 is associated with profound changes in genome-wide levels of both individual and
combinatorial H3 modifications.",K4unK9unK14unK18unK23unK36unR8unR17unR26me2K27me2
,"<a href=""http://www.uniprot.org/uniprot/#{histone.accessionNumber}"" target=""_blank"">P84244</a>",Histone H3.3,Mus musculus,"Male C57BL/6J mouse, liver",2,2017-06-05,veit,K14me3K36me1,0.00038834,0,https://www.ebi.ac.uk/pride/archive/projects/PXD005300,ARTKQTARKSTGGKAPRKQLATKAARKSAPSTGGVKKPHRYRPGTVALRE,CrDB000105,"Middle-down proteomics on mouse tissues demonstrates that H3.3 accumulates to near saturation levels in the chromatin of various somatic mouse tissues by late adulthood. Accumulation of H3.3 is associated with profound changes in genome-wide levels of both individual and
combinatorial H3 modifications.",K4unK9unK18unK23unK27unR8unR17unR26unK14me3K36me1
,"<a href=""http://www.uniprot.org/uniprot/#{histone.accessionNumber}"" target=""_blank"">P84228</a>",Histone H3.2,Mus musculus,"Male C57BL/6J mouse, liver",4,2017-06-05,veit,K9me2R26me2K27me1K36me1,0.00040581,0,https://www.ebi.ac.uk/pride/archive/projects/PXD005300,ARTKQTARKSTGGKAPRKQLATKAARKSAPATGGVKKPHRYRPGTVALRE,CrDB000105,"Middle-down proteomics on mouse tissues demonstrates that H3.3 accumulates to near saturation levels in the chromatin of various somatic mouse tissues by late adulthood. Accumulation of H3.3 is associated with profound changes in genome-wide levels of both individual and
combinatorial H3 modifications.",K4unK14unK18unK23unR8unR17unK9me2R26me2K27me1K36me1
,"<a href=""http://www.uniprot.org/uniprot/#{histone.accessionNumber}"" target=""_blank"">P84228</a>",Histone H3.2,Mus musculus,"Male C57BL/6J mouse, liver",4,2017-06-05,veit,R8me1K14me1K27me2K36me2,2.137e-05,0,https://www.ebi.ac.uk/pride/archive/projects/PXD005300,ARTKQTARKSTGGKAPRKQLATKAARKSAPATGGVKKPHRYRPGTVALRE,CrDB000105,"Middle-down proteomics on mouse tissues demonstrates that H3.3 accumulates to near saturation levels in the chromatin of various somatic mouse tissues by late adulthood. Accumulation of H3.3 is associated with profound changes in genome-wide levels of both individual and
combinatorial H3 modifications.",K4unK9unK18unK23unR17unR26unR8me1K14me1K27me2K36me2
,"<a href=""http://www.uniprot.org/uniprot/#{histone.accessionNumber}"" target=""_blank"">P84244</a>",Histone H3.3,Mus musculus,"Male C57BL/6J mouse, liver",3,2017-06-05,veit,K14acR26me1K27me1,3.979e-05,0,https://www.ebi.ac.uk/pride/archive/projects/PXD005300,ARTKQTARKSTGGKAPRKQLATKAARKSAPSTGGVKKPHRYRPGTVALRE,CrDB000105,"Middle-down proteomics on mouse tissues demonstrates that H3.3 accumulates to near saturation levels in the chromatin of various somatic mouse tissues by late adulthood. Accumulation of H3.3 is associated with profound changes in genome-wide levels of both individual and
combinatorial H3 modifications.",K4unK9unK18unK23unK36unR8unR17unK14acR26me1K27me1
,"<a href=""http://www.uniprot.org/uniprot/#{histone.accessionNumber}"" target=""_blank"">P84244</a>",Histone H3.3,Mus musculus,"Male C57BL/6J mouse, liver",2,2017-06-05,veit,K14me2K36me3,0.00223498,0,https://www.ebi.ac.uk/pride/archive/projects/PXD005300,ARTKQTARKSTGGKAPRKQLATKAARKSAPSTGGVKKPHRYRPGTVALRE,CrDB000105,"Middle-down proteomics on mouse tissues demonstrates that H3.3 accumulates to near saturation levels in the chromatin of various somatic mouse tissues by late adulthood. Accumulation of H3.3 is associated with profound changes in genome-wide levels of both individual and
combinatorial H3 modifications.",K4unK9unK18unK23unK27unR8unR17unR26unK14me2K36me3
,"<a href=""http://www.uniprot.org/uniprot/#{histone.accessionNumber}"" target=""_blank"">P84244</a>",Histone H3.3,Mus musculus,"Male C57BL/6J mouse, liver",3,2017-06-05,veit,K14me1R17me1K27me3,0.00055446,0,https://www.ebi.ac.uk/pride/archive/projects/PXD005300,ARTKQTARKSTGGKAPRKQLATKAARKSAPSTGGVKKPHRYRPGTVALRE,CrDB000105,"Middle-down proteomics on mouse tissues demonstrates that H3.3 accumulates to near saturation levels in the chromatin of various somatic mouse tissues by late adulthood. Accumulation of H3.3 is associated with profound changes in genome-wide levels of both individual and
combinatorial H3 modifications.",K4unK9unK18unK23unK36unR8unR26unK14me1R17me1K27me3
,"<a href=""http://www.uniprot.org/uniprot/#{histone.accessionNumber}"" target=""_blank"">P84244</a>",Histone H3.3,Mus musculus,"Male C57BL/6J mouse, liver",3,2017-06-05,veit,K9me1R17me1K27me3,0.00084995,0,https://www.ebi.ac.uk/pride/archive/projects/PXD005300,ARTKQTARKSTGGKAPRKQLATKAARKSAPSTGGVKKPHRYRPGTVALRE,CrDB000105,"Middle-down proteomics on mouse tissues demonstrates that H3.3 accumulates to near saturation levels in the chromatin of various somatic mouse tissues by late adulthood. Accumulation of H3.3 is associated with profound changes in genome-wide levels of both individual and
combinatorial H3 modifications.",K4unK14unK18unK23unK36unR8unR26unK9me1R17me1K27me3
,"<a href=""http://www.uniprot.org/uniprot/#{histone.accessionNumber}"" target=""_blank"">P84228</a>",Histone H3.2,Mus musculus,"Male C57BL/6J mouse, liver",4,2017-06-05,veit,K14acR17me1R26me1K27me2,0.00042132,0,https://www.ebi.ac.uk/pride/archive/projects/PXD005300,ARTKQTARKSTGGKAPRKQLATKAARKSAPATGGVKKPHRYRPGTVALRE,CrDB000105,"Middle-down proteomics on mouse tissues demonstrates that H3.3 accumulates to near saturation levels in the chromatin of various somatic mouse tissues by late adulthood. Accumulation of H3.3 is associated with profound changes in genome-wide levels of both individual and
combinatorial H3 modifications.",K4unK9unK18unK23unK36unR8unK14acR17me1R26me1K27me2
,"<a href=""http://www.uniprot.org/uniprot/#{histone.accessionNumber}"" target=""_blank"">P84228</a>",Histone H3.2,Mus musculus,"Male C57BL/6J mouse, liver",4,2017-06-05,veit,K14acK18me2K27me1K36me1,0.00045924,0,https://www.ebi.ac.uk/pride/archive/projects/PXD005300,ARTKQTARKSTGGKAPRKQLATKAARKSAPATGGVKKPHRYRPGTVALRE,CrDB000105,"Middle-down proteomics on mouse tissues demonstrates that H3.3 accumulates to near saturation levels in the chromatin of various somatic mouse tissues by late adulthood. Accumulation of H3.3 is associated with profound changes in genome-wide levels of both individual and
combinatorial H3 modifications.",K4unK9unK23unR8unR17unR26unK14acK18me2K27me1K36me1
,"<a href=""http://www.uniprot.org/uniprot/#{histone.accessionNumber}"" target=""_blank"">P84228</a>",Histone H3.2,Mus musculus,"Male C57BL/6J mouse, liver",3,2017-06-05,veit,K14acK27me3K36me1,0.00022263,0,https://www.ebi.ac.uk/pride/archive/projects/PXD005300,ARTKQTARKSTGGKAPRKQLATKAARKSAPATGGVKKPHRYRPGTVALRE,CrDB000105,"Middle-down proteomics on mouse tissues demonstrates that H3.3 accumulates to near saturation levels in the chromatin of various somatic mouse tissues by late adulthood. Accumulation of H3.3 is associated with profound changes in genome-wide levels of both individual and
combinatorial H3 modifications.",K4unK9unK18unK23unR8unR17unR26unK14acK27me3K36me1
,"<a href=""http://www.uniprot.org/uniprot/#{histone.accessionNumber}"" target=""_blank"">P84228</a>",Histone H3.2,Mus musculus,"Male C57BL/6J mouse, liver",3,2017-06-05,veit,K14acR17me2K36me2,0.00031979,0,https://www.ebi.ac.uk/pride/archive/projects/PXD005300,ARTKQTARKSTGGKAPRKQLATKAARKSAPATGGVKKPHRYRPGTVALRE,CrDB000105,"Middle-down proteomics on mouse tissues demonstrates that H3.3 accumulates to near saturation levels in the chromatin of various somatic mouse tissues by late adulthood. Accumulation of H3.3 is associated with profound changes in genome-wide levels of both individual and
combinatorial H3 modifications.",K4unK9unK18unK23unK27unR8unR26unK14acR17me2K36me2
,"<a href=""http://www.uniprot.org/uniprot/#{histone.accessionNumber}"" target=""_blank"">P84228</a>",Histone H3.2,Mus musculus,"Male C57BL/6J mouse, liver",4,2017-06-05,veit,K9me2K23me1K27me1K36me3,0.00022671,0,https://www.ebi.ac.uk/pride/archive/projects/PXD005300,ARTKQTARKSTGGKAPRKQLATKAARKSAPATGGVKKPHRYRPGTVALRE,CrDB000105,"Middle-down proteomics on mouse tissues demonstrates that H3.3 accumulates to near saturation levels in the chromatin of various somatic mouse tissues by late adulthood. Accumulation of H3.3 is associated with profound changes in genome-wide levels of both individual and
combinatorial H3 modifications.",K4unK14unK18unR8unR17unR26unK9me2K23me1K27me1K36me3
,"<a href=""http://www.uniprot.org/uniprot/#{histone.accessionNumber}"" target=""_blank"">P84228</a>",Histone H3.2,Mus musculus,"Male C57BL/6J mouse, liver",3,2017-06-05,veit,K18acK27me3K36me1,2.213e-05,0,https://www.ebi.ac.uk/pride/archive/projects/PXD005300,ARTKQTARKSTGGKAPRKQLATKAARKSAPATGGVKKPHRYRPGTVALRE,CrDB000105,"Middle-down proteomics on mouse tissues demonstrates that H3.3 accumulates to near saturation levels in the chromatin of various somatic mouse tissues by late adulthood. Accumulation of H3.3 is associated with profound changes in genome-wide levels of both individual and
combinatorial H3 modifications.",K4unK9unK14unK23unR8unR17unR26unK18acK27me3K36me1
,"<a href=""http://www.uniprot.org/uniprot/#{histone.accessionNumber}"" target=""_blank"">P84228</a>",Histone H3.2,Mus musculus,"Male C57BL/6J mouse, liver",5,2017-06-05,veit,K9me1K14me1R26me1K27me2K36me2,0.00041231,0,https://www.ebi.ac.uk/pride/archive/projects/PXD005300,ARTKQTARKSTGGKAPRKQLATKAARKSAPATGGVKKPHRYRPGTVALRE,CrDB000105,"Middle-down proteomics on mouse tissues demonstrates that H3.3 accumulates to near saturation levels in the chromatin of various somatic mouse tissues by late adulthood. Accumulation of H3.3 is associated with profound changes in genome-wide levels of both individual and
combinatorial H3 modifications.",K4unK18unK23unR8unR17unK9me1K14me1R26me1K27me2K36me2
,"<a href=""http://www.uniprot.org/uniprot/#{histone.accessionNumber}"" target=""_blank"">P84228</a>",Histone H3.2,Mus musculus,"Male C57BL/6J mouse, liver",4,2017-06-05,veit,K9me1K14me1K27me3K36me2,8.986e-05,0,https://www.ebi.ac.uk/pride/archive/projects/PXD005300,ARTKQTARKSTGGKAPRKQLATKAARKSAPATGGVKKPHRYRPGTVALRE,CrDB000105,"Middle-down proteomics on mouse tissues demonstrates that H3.3 accumulates to near saturation levels in the chromatin of various somatic mouse tissues by late adulthood. Accumulation of H3.3 is associated with profound changes in genome-wide levels of both individual and
combinatorial H3 modifications.",K4unK18unK23unR8unR17unR26unK9me1K14me1K27me3K36me2
,"<a href=""http://www.uniprot.org/uniprot/#{histone.accessionNumber}"" target=""_blank"">P84228</a>",Histone H3.2,Mus musculus,"Male C57BL/6J mouse, liver",5,2017-06-05,veit,R8me1K9me1K14me1K27me2K36me2,0.00019935,0,https://www.ebi.ac.uk/pride/archive/projects/PXD005300,ARTKQTARKSTGGKAPRKQLATKAARKSAPATGGVKKPHRYRPGTVALRE,CrDB000105,"Middle-down proteomics on mouse tissues demonstrates that H3.3 accumulates to near saturation levels in the chromatin of various somatic mouse tissues by late adulthood. Accumulation of H3.3 is associated with profound changes in genome-wide levels of both individual and
combinatorial H3 modifications.",K4unK18unK23unR17unR26unR8me1K9me1K14me1K27me2K36me2
,"<a href=""http://www.uniprot.org/uniprot/#{histone.accessionNumber}"" target=""_blank"">P84244</a>",Histone H3.3,Mus musculus,"Male C57BL/6J mouse, liver",3,2017-06-05,veit,K18acK27me2K36me1,0.00146481,0,https://www.ebi.ac.uk/pride/archive/projects/PXD005300,ARTKQTARKSTGGKAPRKQLATKAARKSAPSTGGVKKPHRYRPGTVALRE,CrDB000105,"Middle-down proteomics on mouse tissues demonstrates that H3.3 accumulates to near saturation levels in the chromatin of various somatic mouse tissues by late adulthood. Accumulation of H3.3 is associated with profound changes in genome-wide levels of both individual and
combinatorial H3 modifications.",K4unK9unK14unK23unR8unR17unR26unK18acK27me2K36me1
,"<a href=""http://www.uniprot.org/uniprot/#{histone.accessionNumber}"" target=""_blank"">P84244</a>",Histone H3.3,Mus musculus,"Male C57BL/6J mouse, liver",3,2017-06-05,veit,K14acK27me1K36me2,0.00029162,0,https://www.ebi.ac.uk/pride/archive/projects/PXD005300,ARTKQTARKSTGGKAPRKQLATKAARKSAPSTGGVKKPHRYRPGTVALRE,CrDB000105,"Middle-down proteomics on mouse tissues demonstrates that H3.3 accumulates to near saturation levels in the chromatin of various somatic mouse tissues by late adulthood. Accumulation of H3.3 is associated with profound changes in genome-wide levels of both individual and
combinatorial H3 modifications.",K4unK9unK18unK23unR8unR17unR26unK14acK27me1K36me2
,"<a href=""http://www.uniprot.org/uniprot/#{histone.accessionNumber}"" target=""_blank"">P84244</a>",Histone H3.3,Mus musculus,"Male C57BL/6J mouse, liver",3,2017-06-05,veit,K18acK27me1K36me2,0.00112354,0,https://www.ebi.ac.uk/pride/archive/projects/PXD005300,ARTKQTARKSTGGKAPRKQLATKAARKSAPSTGGVKKPHRYRPGTVALRE,CrDB000105,"Middle-down proteomics on mouse tissues demonstrates that H3.3 accumulates to near saturation levels in the chromatin of various somatic mouse tissues by late adulthood. Accumulation of H3.3 is associated with profound changes in genome-wide levels of both individual and
combinatorial H3 modifications.",K4unK9unK14unK23unR8unR17unR26unK18acK27me1K36me2
,"<a href=""http://www.uniprot.org/uniprot/#{histone.accessionNumber}"" target=""_blank"">P84244</a>",Histone H3.3,Mus musculus,"Male C57BL/6J mouse, liver",3,2017-06-05,veit,K18acK23me1K27me2,3.438e-05,0,https://www.ebi.ac.uk/pride/archive/projects/PXD005300,ARTKQTARKSTGGKAPRKQLATKAARKSAPSTGGVKKPHRYRPGTVALRE,CrDB000105,"Middle-down proteomics on mouse tissues demonstrates that H3.3 accumulates to near saturation levels in the chromatin of various somatic mouse tissues by late adulthood. Accumulation of H3.3 is associated with profound changes in genome-wide levels of both individual and
combinatorial H3 modifications.",K4unK9unK14unK36unR8unR17unR26unK18acK23me1K27me2
,"<a href=""http://www.uniprot.org/uniprot/#{histone.accessionNumber}"" target=""_blank"">P84244</a>",Histone H3.3,Mus musculus,"Male C57BL/6J mouse, liver",3,2017-06-05,veit,K14acK23me1K27me2,7.164e-05,0,https://www.ebi.ac.uk/pride/archive/projects/PXD005300,ARTKQTARKSTGGKAPRKQLATKAARKSAPSTGGVKKPHRYRPGTVALRE,CrDB000105,"Middle-down proteomics on mouse tissues demonstrates that H3.3 accumulates to near saturation levels in the chromatin of various somatic mouse tissues by late adulthood. Accumulation of H3.3 is associated with profound changes in genome-wide levels of both individual and
combinatorial H3 modifications.",K4unK9unK18unK36unR8unR17unR26unK14acK23me1K27me2
,"<a href=""http://www.uniprot.org/uniprot/#{histone.accessionNumber}"" target=""_blank"">P84244</a>",Histone H3.3,Mus musculus,"Male C57BL/6J mouse, liver",3,2017-06-05,veit,K18acK27me3K36me1,0.00056829,0,https://www.ebi.ac.uk/pride/archive/projects/PXD005300,ARTKQTARKSTGGKAPRKQLATKAARKSAPSTGGVKKPHRYRPGTVALRE,CrDB000105,"Middle-down proteomics on mouse tissues demonstrates that H3.3 accumulates to near saturation levels in the chromatin of various somatic mouse tissues by late adulthood. Accumulation of H3.3 is associated with profound changes in genome-wide levels of both individual and
combinatorial H3 modifications.",K4unK9unK14unK23unR8unR17unR26unK18acK27me3K36me1
,"<a href=""http://www.uniprot.org/uniprot/#{histone.accessionNumber}"" target=""_blank"">P84244</a>",Histone H3.3,Mus musculus,"Male C57BL/6J mouse, liver",3,2017-06-05,veit,K18acK23me1K27me3,0.00014621,0,https://www.ebi.ac.uk/pride/archive/projects/PXD005300,ARTKQTARKSTGGKAPRKQLATKAARKSAPSTGGVKKPHRYRPGTVALRE,CrDB000105,"Middle-down proteomics on mouse tissues demonstrates that H3.3 accumulates to near saturation levels in the chromatin of various somatic mouse tissues by late adulthood. Accumulation of H3.3 is associated with profound changes in genome-wide levels of both individual and
combinatorial H3 modifications.",K4unK9unK14unK36unR8unR17unR26unK18acK23me1K27me3
,"<a href=""http://www.uniprot.org/uniprot/#{histone.accessionNumber}"" target=""_blank"">P84244</a>",Histone H3.3,Mus musculus,"Male C57BL/6J mouse, liver",2,2017-06-05,veit,K18acK36me3,0.00039935,0,https://www.ebi.ac.uk/pride/archive/projects/PXD005300,ARTKQTARKSTGGKAPRKQLATKAARKSAPSTGGVKKPHRYRPGTVALRE,CrDB000105,"Middle-down proteomics on mouse tissues demonstrates that H3.3 accumulates to near saturation levels in the chromatin of various somatic mouse tissues by late adulthood. Accumulation of H3.3 is associated with profound changes in genome-wide levels of both individual and
combinatorial H3 modifications.",K4unK9unK14unK23unK27unR8unR17unR26unK18acK36me3
,"<a href=""http://www.uniprot.org/uniprot/#{histone.accessionNumber}"" target=""_blank"">P84228</a>",Histone H3.2,Mus musculus,"Male C57BL/6J mouse, liver",3,2017-06-05,veit,K14acR26me2K36me2,6.283e-05,0,https://www.ebi.ac.uk/pride/archive/projects/PXD005300,ARTKQTARKSTGGKAPRKQLATKAARKSAPATGGVKKPHRYRPGTVALRE,CrDB000105,"Middle-down proteomics on mouse tissues demonstrates that H3.3 accumulates to near saturation levels in the chromatin of various somatic mouse tissues by late adulthood. Accumulation of H3.3 is associated with profound changes in genome-wide levels of both individual and
combinatorial H3 modifications.",K4unK9unK18unK23unK27unR8unR17unK14acR26me2K36me2
,"<a href=""http://www.uniprot.org/uniprot/#{histone.accessionNumber}"" target=""_blank"">P84228</a>",Histone H3.2,Mus musculus,"Male C57BL/6J mouse, liver",3,2017-06-05,veit,K18acR26me2K36me2,5.118e-05,0,https://www.ebi.ac.uk/pride/archive/projects/PXD005300,ARTKQTARKSTGGKAPRKQLATKAARKSAPATGGVKKPHRYRPGTVALRE,CrDB000105,"Middle-down proteomics on mouse tissues demonstrates that H3.3 accumulates to near saturation levels in the chromatin of various somatic mouse tissues by late adulthood. Accumulation of H3.3 is associated with profound changes in genome-wide levels of both individual and
combinatorial H3 modifications.",K4unK9unK14unK23unK27unR8unR17unK18acR26me2K36me2
,"<a href=""http://www.uniprot.org/uniprot/#{histone.accessionNumber}"" target=""_blank"">P84244</a>",Histone H3.3,Mus musculus,"Male C57BL/6J mouse, liver",3,2017-06-05,veit,K9acK27me2K36me1,1.488e-05,0,https://www.ebi.ac.uk/pride/archive/projects/PXD005300,ARTKQTARKSTGGKAPRKQLATKAARKSAPSTGGVKKPHRYRPGTVALRE,CrDB000105,"Middle-down proteomics on mouse tissues demonstrates that H3.3 accumulates to near saturation levels in the chromatin of various somatic mouse tissues by late adulthood. Accumulation of H3.3 is associated with profound changes in genome-wide levels of both individual and
combinatorial H3 modifications.",K4unK14unK18unK23unR8unR17unR26unK9acK27me2K36me1
,"<a href=""http://www.uniprot.org/uniprot/#{histone.accessionNumber}"" target=""_blank"">P84244</a>",Histone H3.3,Mus musculus,"Male C57BL/6J mouse, liver",3,2017-06-05,veit,R17me2K27me2K36me2,0.00042129,0,https://www.ebi.ac.uk/pride/archive/projects/PXD005300,ARTKQTARKSTGGKAPRKQLATKAARKSAPSTGGVKKPHRYRPGTVALRE,CrDB000105,"Middle-down proteomics on mouse tissues demonstrates that H3.3 accumulates to near saturation levels in the chromatin of various somatic mouse tissues by late adulthood. Accumulation of H3.3 is associated with profound changes in genome-wide levels of both individual and
combinatorial H3 modifications.",K4unK9unK14unK18unK23unR8unR26unR17me2K27me2K36me2
,"<a href=""http://www.uniprot.org/uniprot/#{histone.accessionNumber}"" target=""_blank"">P84244</a>",Histone H3.3,Mus musculus,"Male C57BL/6J mouse, liver",3,2017-06-05,veit,K9me2K27acK36me1,0.00075403,0,https://www.ebi.ac.uk/pride/archive/projects/PXD005300,ARTKQTARKSTGGKAPRKQLATKAARKSAPSTGGVKKPHRYRPGTVALRE,CrDB000105,"Middle-down proteomics on mouse tissues demonstrates that H3.3 accumulates to near saturation levels in the chromatin of various somatic mouse tissues by late adulthood. Accumulation of H3.3 is associated with profound changes in genome-wide levels of both individual and
combinatorial H3 modifications.",K4unK14unK18unK23unR8unR17unR26unK9me2K27acK36me1
,"<a href=""http://www.uniprot.org/uniprot/#{histone.accessionNumber}"" target=""_blank"">P84244</a>",Histone H3.3,Mus musculus,"Male C57BL/6J mouse, liver",3,2017-06-05,veit,K9me2K23me1K36me3,0.00025171,0,https://www.ebi.ac.uk/pride/archive/projects/PXD005300,ARTKQTARKSTGGKAPRKQLATKAARKSAPSTGGVKKPHRYRPGTVALRE,CrDB000105,"Middle-down proteomics on mouse tissues demonstrates that H3.3 accumulates to near saturation levels in the chromatin of various somatic mouse tissues by late adulthood. Accumulation of H3.3 is associated with profound changes in genome-wide levels of both individual and
combinatorial H3 modifications.",K4unK14unK18unK27unR8unR17unR26unK9me2K23me1K36me3
,"<a href=""http://www.uniprot.org/uniprot/#{histone.accessionNumber}"" target=""_blank"">P84244</a>",Histone H3.3,Mus musculus,"Male C57BL/6J mouse, liver",3,2017-06-05,veit,K9me2K14me1K27me3,0.00027838,0,https://www.ebi.ac.uk/pride/archive/projects/PXD005300,ARTKQTARKSTGGKAPRKQLATKAARKSAPSTGGVKKPHRYRPGTVALRE,CrDB000105,"Middle-down proteomics on mouse tissues demonstrates that H3.3 accumulates to near saturation levels in the chromatin of various somatic mouse tissues by late adulthood. Accumulation of H3.3 is associated with profound changes in genome-wide levels of both individual and
combinatorial H3 modifications.",K4unK18unK23unK36unR8unR17unR26unK9me2K14me1K27me3
,"<a href=""http://www.uniprot.org/uniprot/#{histone.accessionNumber}"" target=""_blank"">P84244</a>",Histone H3.3,Mus musculus,"Male C57BL/6J mouse, liver",3,2017-06-05,veit,K9me3K23me1K36me2,0.00034296,0,https://www.ebi.ac.uk/pride/archive/projects/PXD005300,ARTKQTARKSTGGKAPRKQLATKAARKSAPSTGGVKKPHRYRPGTVALRE,CrDB000105,"Middle-down proteomics on mouse tissues demonstrates that H3.3 accumulates to near saturation levels in the chromatin of various somatic mouse tissues by late adulthood. Accumulation of H3.3 is associated with profound changes in genome-wide levels of both individual and
combinatorial H3 modifications.",K4unK14unK18unK27unR8unR17unR26unK9me3K23me1K36me2
,"<a href=""http://www.uniprot.org/uniprot/#{histone.accessionNumber}"" target=""_blank"">P84244</a>",Histone H3.3,Mus musculus,"Male C57BL/6J mouse, liver",3,2017-06-05,veit,K9me2R17me1K27me3,8.076e-05,0,https://www.ebi.ac.uk/pride/archive/projects/PXD005300,ARTKQTARKSTGGKAPRKQLATKAARKSAPSTGGVKKPHRYRPGTVALRE,CrDB000105,"Middle-down proteomics on mouse tissues demonstrates that H3.3 accumulates to near saturation levels in the chromatin of various somatic mouse tissues by late adulthood. Accumulation of H3.3 is associated with profound changes in genome-wide levels of both individual and
combinatorial H3 modifications.",K4unK14unK18unK23unK36unR8unR26unK9me2R17me1K27me3
,"<a href=""http://www.uniprot.org/uniprot/#{histone.accessionNumber}"" target=""_blank"">P84244</a>",Histone H3.3,Mus musculus,"Male C57BL/6J mouse, liver",3,2017-06-05,veit,K9me2K18me1K27me3,0.00021299,0,https://www.ebi.ac.uk/pride/archive/projects/PXD005300,ARTKQTARKSTGGKAPRKQLATKAARKSAPSTGGVKKPHRYRPGTVALRE,CrDB000105,"Middle-down proteomics on mouse tissues demonstrates that H3.3 accumulates to near saturation levels in the chromatin of various somatic mouse tissues by late adulthood. Accumulation of H3.3 is associated with profound changes in genome-wide levels of both individual and
combinatorial H3 modifications.",K4unK14unK23unK36unR8unR17unR26unK9me2K18me1K27me3
,"<a href=""http://www.uniprot.org/uniprot/#{histone.accessionNumber}"" target=""_blank"">P84228</a>",Histone H3.2,Mus musculus,"Male C57BL/6J mouse, liver",3,2017-06-05,veit,K9me3K27acK36me2,0.00028733,0,https://www.ebi.ac.uk/pride/archive/projects/PXD005300,ARTKQTARKSTGGKAPRKQLATKAARKSAPATGGVKKPHRYRPGTVALRE,CrDB000105,"Middle-down proteomics on mouse tissues demonstrates that H3.3 accumulates to near saturation levels in the chromatin of various somatic mouse tissues by late adulthood. Accumulation of H3.3 is associated with profound changes in genome-wide levels of both individual and
combinatorial H3 modifications.",K4unK14unK18unK23unR8unR17unR26unK9me3K27acK36me2
,"<a href=""http://www.uniprot.org/uniprot/#{histone.accessionNumber}"" target=""_blank"">P84228</a>",Histone H3.2,Mus musculus,"Male C57BL/6J mouse, liver",4,2017-06-05,veit,K9me3R26me1K27me2K36me2,0.00015383,0,https://www.ebi.ac.uk/pride/archive/projects/PXD005300,ARTKQTARKSTGGKAPRKQLATKAARKSAPATGGVKKPHRYRPGTVALRE,CrDB000105,"Middle-down proteomics on mouse tissues demonstrates that H3.3 accumulates to near saturation levels in the chromatin of various somatic mouse tissues by late adulthood. Accumulation of H3.3 is associated with profound changes in genome-wide levels of both individual and
combinatorial H3 modifications.",K4unK14unK18unK23unR8unR17unK9me3R26me1K27me2K36me2
,"<a href=""http://www.uniprot.org/uniprot/#{histone.accessionNumber}"" target=""_blank"">P84244</a>",Histone H3.3,Mus musculus,"Male C57BL/6J mouse, liver",3,2017-06-05,veit,K23acR26me1K27me3,7.59e-05,0,https://www.ebi.ac.uk/pride/archive/projects/PXD005300,ARTKQTARKSTGGKAPRKQLATKAARKSAPSTGGVKKPHRYRPGTVALRE,CrDB000105,"Middle-down proteomics on mouse tissues demonstrates that H3.3 accumulates to near saturation levels in the chromatin of various somatic mouse tissues by late adulthood. Accumulation of H3.3 is associated with profound changes in genome-wide levels of both individual and
combinatorial H3 modifications.",K4unK9unK14unK18unK36unR8unR17unK23acR26me1K27me3
,"<a href=""http://www.uniprot.org/uniprot/#{histone.accessionNumber}"" target=""_blank"">P84244</a>",Histone H3.3,Mus musculus,"Male C57BL/6J mouse, liver",3,2017-06-05,veit,K18acR26me2K36me2,0.00013063,0,https://www.ebi.ac.uk/pride/archive/projects/PXD005300,ARTKQTARKSTGGKAPRKQLATKAARKSAPSTGGVKKPHRYRPGTVALRE,CrDB000105,"Middle-down proteomics on mouse tissues demonstrates that H3.3 accumulates to near saturation levels in the chromatin of various somatic mouse tissues by late adulthood. Accumulation of H3.3 is associated with profound changes in genome-wide levels of both individual and
combinatorial H3 modifications.",K4unK9unK14unK23unK27unR8unR17unK18acR26me2K36me2
,"<a href=""http://www.uniprot.org/uniprot/#{histone.accessionNumber}"" target=""_blank"">P84244</a>",Histone H3.3,Mus musculus,"Male C57BL/6J mouse, liver",3,2017-06-05,veit,K23acR26me1K36me3,7.559e-05,0,https://www.ebi.ac.uk/pride/archive/projects/PXD005300,ARTKQTARKSTGGKAPRKQLATKAARKSAPSTGGVKKPHRYRPGTVALRE,CrDB000105,"Middle-down proteomics on mouse tissues demonstrates that H3.3 accumulates to near saturation levels in the chromatin of various somatic mouse tissues by late adulthood. Accumulation of H3.3 is associated with profound changes in genome-wide levels of both individual and
combinatorial H3 modifications.",K4unK9unK14unK18unK27unR8unR17unK23acR26me1K36me3
,"<a href=""http://www.uniprot.org/uniprot/#{histone.accessionNumber}"" target=""_blank"">P84244</a>",Histone H3.3,Mus musculus,"Male C57BL/6J mouse, liver",3,2017-06-05,veit,K14acK27me1K36me3,0.00070636,0,https://www.ebi.ac.uk/pride/archive/projects/PXD005300,ARTKQTARKSTGGKAPRKQLATKAARKSAPSTGGVKKPHRYRPGTVALRE,CrDB000105,"Middle-down proteomics on mouse tissues demonstrates that H3.3 accumulates to near saturation levels in the chromatin of various somatic mouse tissues by late adulthood. Accumulation of H3.3 is associated with profound changes in genome-wide levels of both individual and
combinatorial H3 modifications.",K4unK9unK18unK23unR8unR17unR26unK14acK27me1K36me3
,"<a href=""http://www.uniprot.org/uniprot/#{histone.accessionNumber}"" target=""_blank"">P84244</a>",Histone H3.3,Mus musculus,"Male C57BL/6J mouse, liver",4,2017-06-05,veit,K18me1K23acK27me1K36me2,0.00014839,0,https://www.ebi.ac.uk/pride/archive/projects/PXD005300,ARTKQTARKSTGGKAPRKQLATKAARKSAPSTGGVKKPHRYRPGTVALRE,CrDB000105,"Middle-down proteomics on mouse tissues demonstrates that H3.3 accumulates to near saturation levels in the chromatin of various somatic mouse tissues by late adulthood. Accumulation of H3.3 is associated with profound changes in genome-wide levels of both individual and
combinatorial H3 modifications.",K4unK9unK14unR8unR17unR26unK18me1K23acK27me1K36me2
,"<a href=""http://www.uniprot.org/uniprot/#{histone.accessionNumber}"" target=""_blank"">P84244</a>",Histone H3.3,Mus musculus,"Male C57BL/6J mouse, liver",4,2017-06-05,veit,K18acK23me1K27me1K36me2,0.00028616,0,https://www.ebi.ac.uk/pride/archive/projects/PXD005300,ARTKQTARKSTGGKAPRKQLATKAARKSAPSTGGVKKPHRYRPGTVALRE,CrDB000105,"Middle-down proteomics on mouse tissues demonstrates that H3.3 accumulates to near saturation levels in the chromatin of various somatic mouse tissues by late adulthood. Accumulation of H3.3 is associated with profound changes in genome-wide levels of both individual and
combinatorial H3 modifications.",K4unK9unK14unR8unR17unR26unK18acK23me1K27me1K36me2
,"<a href=""http://www.uniprot.org/uniprot/#{histone.accessionNumber}"" target=""_blank"">P84244</a>",Histone H3.3,Mus musculus,"Male C57BL/6J mouse, liver",3,2017-06-05,veit,K9acK27me2K36me2,0.00022118,0,https://www.ebi.ac.uk/pride/archive/projects/PXD005300,ARTKQTARKSTGGKAPRKQLATKAARKSAPSTGGVKKPHRYRPGTVALRE,CrDB000105,"Middle-down proteomics on mouse tissues demonstrates that H3.3 accumulates to near saturation levels in the chromatin of various somatic mouse tissues by late adulthood. Accumulation of H3.3 is associated with profound changes in genome-wide levels of both individual and
combinatorial H3 modifications.",K4unK14unK18unK23unR8unR17unR26unK9acK27me2K36me2
,"<a href=""http://www.uniprot.org/uniprot/#{histone.accessionNumber}"" target=""_blank"">P84244</a>",Histone H3.3,Mus musculus,"Male C57BL/6J mouse, liver",4,2017-06-05,veit,R17me1K23acR26me1K36me2,0.00010726,0,https://www.ebi.ac.uk/pride/archive/projects/PXD005300,ARTKQTARKSTGGKAPRKQLATKAARKSAPSTGGVKKPHRYRPGTVALRE,CrDB000105,"Middle-down proteomics on mouse tissues demonstrates that H3.3 accumulates to near saturation levels in the chromatin of various somatic mouse tissues by late adulthood. Accumulation of H3.3 is associated with profound changes in genome-wide levels of both individual and
combinatorial H3 modifications.",K4unK9unK14unK18unK27unR8unR17me1K23acR26me1K36me2
,"<a href=""http://www.uniprot.org/uniprot/#{histone.accessionNumber}"" target=""_blank"">P84244</a>",Histone H3.3,Mus musculus,"Male C57BL/6J mouse, liver",5,2017-06-05,veit,R8me1K9me1R17me1K27me2K36me2,7.798e-05,0,https://www.ebi.ac.uk/pride/archive/projects/PXD005300,ARTKQTARKSTGGKAPRKQLATKAARKSAPSTGGVKKPHRYRPGTVALRE,CrDB000105,"Middle-down proteomics on mouse tissues demonstrates that H3.3 accumulates to near saturation levels in the chromatin of various somatic mouse tissues by late adulthood. Accumulation of H3.3 is associated with profound changes in genome-wide levels of both individual and
combinatorial H3 modifications.",K4unK14unK18unK23unR26unR8me1K9me1R17me1K27me2K36me2
,"<a href=""http://www.uniprot.org/uniprot/#{histone.accessionNumber}"" target=""_blank"">P84244</a>",Histone H3.3,Mus musculus,"Male C57BL/6J mouse, liver",5,2017-06-05,veit,R8me1K9me1K14me1K27me2K36me2,8.921e-05,0,https://www.ebi.ac.uk/pride/archive/projects/PXD005300,ARTKQTARKSTGGKAPRKQLATKAARKSAPSTGGVKKPHRYRPGTVALRE,CrDB000105,"Middle-down proteomics on mouse tissues demonstrates that H3.3 accumulates to near saturation levels in the chromatin of various somatic mouse tissues by late adulthood. Accumulation of H3.3 is associated with profound changes in genome-wide levels of both individual and
combinatorial H3 modifications.",K4unK18unK23unR17unR26unR8me1K9me1K14me1K27me2K36me2
,"<a href=""http://www.uniprot.org/uniprot/#{histone.accessionNumber}"" target=""_blank"">P84228</a>",Histone H3.2,Mus musculus,"Male C57BL/6J mouse, liver",5,2017-06-05,veit,K9me1K14me1K18acK27me2K36me2,0.00227606,0,https://www.ebi.ac.uk/pride/archive/projects/PXD005300,ARTKQTARKSTGGKAPRKQLATKAARKSAPATGGVKKPHRYRPGTVALRE,CrDB000105,"Middle-down proteomics on mouse tissues demonstrates that H3.3 accumulates to near saturation levels in the chromatin of various somatic mouse tissues by late adulthood. Accumulation of H3.3 is associated with profound changes in genome-wide levels of both individual and
combinatorial H3 modifications.",K4unK23unR8unR17unR26unK9me1K14me1K18acK27me2K36me2
,"<a href=""http://www.uniprot.org/uniprot/#{histone.accessionNumber}"" target=""_blank"">P84228</a>",Histone H3.2,Mus musculus,"Male C57BL/6J mouse, liver",4,2017-06-05,veit,K9acR17me2K27me2K36me2,0.00166126,0,https://www.ebi.ac.uk/pride/archive/projects/PXD005300,ARTKQTARKSTGGKAPRKQLATKAARKSAPATGGVKKPHRYRPGTVALRE,CrDB000105,"Middle-down proteomics on mouse tissues demonstrates that H3.3 accumulates to near saturation levels in the chromatin of various somatic mouse tissues by late adulthood. Accumulation of H3.3 is associated with profound changes in genome-wide levels of both individual and
combinatorial H3 modifications.",K4unK14unK18unK23unR8unR26unK9acR17me2K27me2K36me2
,"<a href=""http://www.uniprot.org/uniprot/#{histone.accessionNumber}"" target=""_blank"">P84228</a>",Histone H3.2,Mus musculus,"Male C57BL/6J mouse, liver",5,2017-06-05,veit,K4me1K9me1K14acK27me2K36me2,0.00089604,0,https://www.ebi.ac.uk/pride/archive/projects/PXD005300,ARTKQTARKSTGGKAPRKQLATKAARKSAPATGGVKKPHRYRPGTVALRE,CrDB000105,"Middle-down proteomics on mouse tissues demonstrates that H3.3 accumulates to near saturation levels in the chromatin of various somatic mouse tissues by late adulthood. Accumulation of H3.3 is associated with profound changes in genome-wide levels of both individual and
combinatorial H3 modifications.",K18unK23unR8unR17unR26unK4me1K9me1K14acK27me2K36me2
,"<a href=""http://www.uniprot.org/uniprot/#{histone.accessionNumber}"" target=""_blank"">P84244</a>",Histone H3.3,Mus musculus,"Male C57BL/6J mouse, liver",3,2017-06-05,veit,K14me3K23acK27me2,0.00021193,0,https://www.ebi.ac.uk/pride/archive/projects/PXD005300,ARTKQTARKSTGGKAPRKQLATKAARKSAPSTGGVKKPHRYRPGTVALRE,CrDB000105,"Middle-down proteomics on mouse tissues demonstrates that H3.3 accumulates to near saturation levels in the chromatin of various somatic mouse tissues by late adulthood. Accumulation of H3.3 is associated with profound changes in genome-wide levels of both individual and
combinatorial H3 modifications.",K4unK9unK18unK36unR8unR17unR26unK14me3K23acK27me2
,"<a href=""http://www.uniprot.org/uniprot/#{histone.accessionNumber}"" target=""_blank"">P84244</a>",Histone H3.3,Mus musculus,"Male C57BL/6J mouse, liver",5,2017-06-05,veit,K9me1K14acK18me1K23me1K36me2,9.686e-05,0,https://www.ebi.ac.uk/pride/archive/projects/PXD005300,ARTKQTARKSTGGKAPRKQLATKAARKSAPSTGGVKKPHRYRPGTVALRE,CrDB000105,"Middle-down proteomics on mouse tissues demonstrates that H3.3 accumulates to near saturation levels in the chromatin of various somatic mouse tissues by late adulthood. Accumulation of H3.3 is associated with profound changes in genome-wide levels of both individual and
combinatorial H3 modifications.",K4unK27unR8unR17unR26unK9me1K14acK18me1K23me1K36me2
,"<a href=""http://www.uniprot.org/uniprot/#{histone.accessionNumber}"" target=""_blank"">P84244</a>",Histone H3.3,Mus musculus,"Male C57BL/6J mouse, liver",4,2017-06-05,veit,K9me1K18acK27me2K36me2,0.00204121,0,https://www.ebi.ac.uk/pride/archive/projects/PXD005300,ARTKQTARKSTGGKAPRKQLATKAARKSAPSTGGVKKPHRYRPGTVALRE,CrDB000105,"Middle-down proteomics on mouse tissues demonstrates that H3.3 accumulates to near saturation levels in the chromatin of various somatic mouse tissues by late adulthood. Accumulation of H3.3 is associated with profound changes in genome-wide levels of both individual and
combinatorial H3 modifications.",K4unK14unK23unR8unR17unR26unK9me1K18acK27me2K36me2
,"<a href=""http://www.uniprot.org/uniprot/#{histone.accessionNumber}"" target=""_blank"">P84244</a>",Histone H3.3,Mus musculus,"Male C57BL/6J mouse, liver",3,2017-06-05,veit,K14acR17me2K27me3,0.00085922,0,https://www.ebi.ac.uk/pride/archive/projects/PXD005300,ARTKQTARKSTGGKAPRKQLATKAARKSAPSTGGVKKPHRYRPGTVALRE,CrDB000105,"Middle-down proteomics on mouse tissues demonstrates that H3.3 accumulates to near saturation levels in the chromatin of various somatic mouse tissues by late adulthood. Accumulation of H3.3 is associated with profound changes in genome-wide levels of both individual and
combinatorial H3 modifications.",K4unK9unK18unK23unK36unR8unR26unK14acR17me2K27me3
,"<a href=""http://www.uniprot.org/uniprot/#{histone.accessionNumber}"" target=""_blank"">P84228</a>",Histone H3.2,Mus musculus,"Male C57BL/6J mouse, liver",5,2017-06-05,veit,K14acK18me2K23me2R26me1K27me2,0.00101616,0,https://www.ebi.ac.uk/pride/archive/projects/PXD005300,ARTKQTARKSTGGKAPRKQLATKAARKSAPATGGVKKPHRYRPGTVALRE,CrDB000105,"Middle-down proteomics on mouse tissues demonstrates that H3.3 accumulates to near saturation levels in the chromatin of various somatic mouse tissues by late adulthood. Accumulation of H3.3 is associated with profound changes in genome-wide levels of both individual and
combinatorial H3 modifications.",K4unK9unK36unR8unR17unK14acK18me2K23me2R26me1K27me2
,"<a href=""http://www.uniprot.org/uniprot/#{histone.accessionNumber}"" target=""_blank"">P84228</a>",Histone H3.2,Mus musculus,"Male C57BL/6J mouse, liver",4,2017-06-05,veit,K9acK14me3K27me2K36me2,0.00068735,0,https://www.ebi.ac.uk/pride/archive/projects/PXD005300,ARTKQTARKSTGGKAPRKQLATKAARKSAPATGGVKKPHRYRPGTVALRE,CrDB000105,"Middle-down proteomics on mouse tissues demonstrates that H3.3 accumulates to near saturation levels in the chromatin of various somatic mouse tissues by late adulthood. Accumulation of H3.3 is associated with profound changes in genome-wide levels of both individual and
combinatorial H3 modifications.",K4unK18unK23unR8unR17unR26unK9acK14me3K27me2K36me2
,"<a href=""http://www.uniprot.org/uniprot/#{histone.accessionNumber}"" target=""_blank"">P84228</a>",Histone H3.2,Mus musculus,"Male C57BL/6J mouse, liver",5,2017-06-05,veit,K9acK14me2K23me1K27me1K36me3,0.00092658,0,https://www.ebi.ac.uk/pride/archive/projects/PXD005300,ARTKQTARKSTGGKAPRKQLATKAARKSAPATGGVKKPHRYRPGTVALRE,CrDB000105,"Middle-down proteomics on mouse tissues demonstrates that H3.3 accumulates to near saturation levels in the chromatin of various somatic mouse tissues by late adulthood. Accumulation of H3.3 is associated with profound changes in genome-wide levels of both individual and
combinatorial H3 modifications.",K4unK18unR8unR17unR26unK9acK14me2K23me1K27me1K36me3
,"<a href=""http://www.uniprot.org/uniprot/#{histone.accessionNumber}"" target=""_blank"">P84244</a>",Histone H3.3,Mus musculus,"Male C57BL/6J mouse, liver",4,2017-06-05,veit,K14acK18acK27me1K36me2,0.00079191,0,https://www.ebi.ac.uk/pride/archive/projects/PXD005300,ARTKQTARKSTGGKAPRKQLATKAARKSAPSTGGVKKPHRYRPGTVALRE,CrDB000105,"Middle-down proteomics on mouse tissues demonstrates that H3.3 accumulates to near saturation levels in the chromatin of various somatic mouse tissues by late adulthood. Accumulation of H3.3 is associated with profound changes in genome-wide levels of both individual and
combinatorial H3 modifications.",K4unK9unK23unR8unR17unR26unK14acK18acK27me1K36me2
,"<a href=""http://www.uniprot.org/uniprot/#{histone.accessionNumber}"" target=""_blank"">P84244</a>",Histone H3.3,Mus musculus,"Male C57BL/6J mouse, liver",5,2017-06-05,veit,K9me1K14me1K18acK27me2K36me2,0.00068488,0,https://www.ebi.ac.uk/pride/archive/projects/PXD005300,ARTKQTARKSTGGKAPRKQLATKAARKSAPSTGGVKKPHRYRPGTVALRE,CrDB000105,"Middle-down proteomics on mouse tissues demonstrates that H3.3 accumulates to near saturation levels in the chromatin of various somatic mouse tissues by late adulthood. Accumulation of H3.3 is associated with profound changes in genome-wide levels of both individual and
combinatorial H3 modifications.",K4unK23unR8unR17unR26unK9me1K14me1K18acK27me2K36me2
,"<a href=""http://www.uniprot.org/uniprot/#{histone.accessionNumber}"" target=""_blank"">P84228</a>",Histone H3.2,Mus musculus,"Male C57BL/6J mouse, liver",4,2017-06-05,veit,K9me2K18acK23acK27ac,9.268e-05,0,https://www.ebi.ac.uk/pride/archive/projects/PXD005300,ARTKQTARKSTGGKAPRKQLATKAARKSAPATGGVKKPHRYRPGTVALRE,CrDB000105,"Middle-down proteomics on mouse tissues demonstrates that H3.3 accumulates to near saturation levels in the chromatin of various somatic mouse tissues by late adulthood. Accumulation of H3.3 is associated with profound changes in genome-wide levels of both individual and
combinatorial H3 modifications.",K4unK14unK36unR8unR17unR26unK9me2K18acK23acK27ac
,"<a href=""http://www.uniprot.org/uniprot/#{histone.accessionNumber}"" target=""_blank"">P84244</a>",Histone H3.3,Mus musculus,"Male C57BL/6J mouse, liver",4,2017-06-05,veit,K14acK18acK23me1K27me3,0.0005416,0,https://www.ebi.ac.uk/pride/archive/projects/PXD005300,ARTKQTARKSTGGKAPRKQLATKAARKSAPSTGGVKKPHRYRPGTVALRE,CrDB000105,"Middle-down proteomics on mouse tissues demonstrates that H3.3 accumulates to near saturation levels in the chromatin of various somatic mouse tissues by late adulthood. Accumulation of H3.3 is associated with profound changes in genome-wide levels of both individual and
combinatorial H3 modifications.",K4unK9unK36unR8unR17unR26unK14acK18acK23me1K27me3
,"<a href=""http://www.uniprot.org/uniprot/#{histone.accessionNumber}"" target=""_blank"">P84244</a>",Histone H3.3,Mus musculus,"Male C57BL/6J mouse, liver",5,2017-06-05,veit,K14acK18acK23me2K27me1K36me1,0.00046637,0,https://www.ebi.ac.uk/pride/archive/projects/PXD005300,ARTKQTARKSTGGKAPRKQLATKAARKSAPSTGGVKKPHRYRPGTVALRE,CrDB000105,"Middle-down proteomics on mouse tissues demonstrates that H3.3 accumulates to near saturation levels in the chromatin of various somatic mouse tissues by late adulthood. Accumulation of H3.3 is associated with profound changes in genome-wide levels of both individual and
combinatorial H3 modifications.",K4unK9unR8unR17unR26unK14acK18acK23me2K27me1K36me1
,"<a href=""http://www.uniprot.org/uniprot/#{histone.accessionNumber}"" target=""_blank"">P84244</a>",Histone H3.3,Mus musculus,"Male C57BL/6J mouse, liver",5,2017-06-05,veit,K9me1K14acK18acK23me1K36me2,0.00118125,0,https://www.ebi.ac.uk/pride/archive/projects/PXD005300,ARTKQTARKSTGGKAPRKQLATKAARKSAPSTGGVKKPHRYRPGTVALRE,CrDB000105,"Middle-down proteomics on mouse tissues demonstrates that H3.3 accumulates to near saturation levels in the chromatin of various somatic mouse tissues by late adulthood. Accumulation of H3.3 is associated with profound changes in genome-wide levels of both individual and
combinatorial H3 modifications.",K4unK27unR8unR17unR26unK9me1K14acK18acK23me1K36me2
,"<a href=""http://www.uniprot.org/uniprot/#{histone.accessionNumber}"" target=""_blank"">P84244</a>",Histone H3.3,Mus musculus,"Male C57BL/6J mouse, liver",4,2017-06-05,veit,K14acK18acR26me2K27me2,0.00107605,0,https://www.ebi.ac.uk/pride/archive/projects/PXD005300,ARTKQTARKSTGGKAPRKQLATKAARKSAPSTGGVKKPHRYRPGTVALRE,CrDB000105,"Middle-down proteomics on mouse tissues demonstrates that H3.3 accumulates to near saturation levels in the chromatin of various somatic mouse tissues by late adulthood. Accumulation of H3.3 is associated with profound changes in genome-wide levels of both individual and
combinatorial H3 modifications.",K4unK9unK23unK36unR8unR17unK14acK18acR26me2K27me2
,"<a href=""http://www.uniprot.org/uniprot/#{histone.accessionNumber}"" target=""_blank"">P84244</a>",Histone H3.3,Mus musculus,"Male C57BL/6J mouse, liver",4,2017-06-05,veit,K14acK18acK23acK27me2,0.00034815,0,https://www.ebi.ac.uk/pride/archive/projects/PXD005300,ARTKQTARKSTGGKAPRKQLATKAARKSAPSTGGVKKPHRYRPGTVALRE,CrDB000105,"Middle-down proteomics on mouse tissues demonstrates that H3.3 accumulates to near saturation levels in the chromatin of various somatic mouse tissues by late adulthood. Accumulation of H3.3 is associated with profound changes in genome-wide levels of both individual and
combinatorial H3 modifications.",K4unK9unK36unR8unR17unR26unK14acK18acK23acK27me2
,"<a href=""http://www.uniprot.org/uniprot/#{histone.accessionNumber}"" target=""_blank"">P84244</a>",Histone H3.3,Mus musculus,"Male C57BL/6J mouse, liver",4,2017-06-05,veit,K14acK18acK23acK36me2,8.157e-05,0,https://www.ebi.ac.uk/pride/archive/projects/PXD005300,ARTKQTARKSTGGKAPRKQLATKAARKSAPSTGGVKKPHRYRPGTVALRE,CrDB000105,"Middle-down proteomics on mouse tissues demonstrates that H3.3 accumulates to near saturation levels in the chromatin of various somatic mouse tissues by late adulthood. Accumulation of H3.3 is associated with profound changes in genome-wide levels of both individual and
combinatorial H3 modifications.",K4unK9unK27unR8unR17unR26unK14acK18acK23acK36me2
,"<a href=""http://www.uniprot.org/uniprot/#{histone.accessionNumber}"" target=""_blank"">P84244</a>",Histone H3.3,Mus musculus,"Male C57BL/6J mouse, liver",5,2017-06-05,veit,K9me1K18acK23acK27me2K36me2,0.00170808,0,https://www.ebi.ac.uk/pride/archive/projects/PXD005300,ARTKQTARKSTGGKAPRKQLATKAARKSAPSTGGVKKPHRYRPGTVALRE,CrDB000105,"Middle-down proteomics on mouse tissues demonstrates that H3.3 accumulates to near saturation levels in the chromatin of various somatic mouse tissues by late adulthood. Accumulation of H3.3 is associated with profound changes in genome-wide levels of both individual and
combinatorial H3 modifications.",K4unK14unR8unR17unR26unK9me1K18acK23acK27me2K36me2
,"<a href=""http://www.uniprot.org/uniprot/#{histone.accessionNumber}"" target=""_blank"">P84244</a>",Histone H3.3,Mus musculus,"Male C57BL/6J mouse, liver",6,2017-06-05,veit,K9me1K14me1K18acK23acK27me1K36me2,0.00125953,0,https://www.ebi.ac.uk/pride/archive/projects/PXD005300,ARTKQTARKSTGGKAPRKQLATKAARKSAPSTGGVKKPHRYRPGTVALRE,CrDB000105,"Middle-down proteomics on mouse tissues demonstrates that H3.3 accumulates to near saturation levels in the chromatin of various somatic mouse tissues by late adulthood. Accumulation of H3.3 is associated with profound changes in genome-wide levels of both individual and
combinatorial H3 modifications.",K4unR8unR17unR26unK9me1K14me1K18acK23acK27me1K36me2
,"<a href=""http://www.uniprot.org/uniprot/#{histone.accessionNumber}"" target=""_blank"">P84244</a>",Histone H3.3,Mus musculus,"Male C57BL/6J mouse, liver",5,2017-06-05,veit,K9me1K14me1K18acK23acK36me3,0.00030216,0,https://www.ebi.ac.uk/pride/archive/projects/PXD005300,ARTKQTARKSTGGKAPRKQLATKAARKSAPSTGGVKKPHRYRPGTVALRE,CrDB000105,"Middle-down proteomics on mouse tissues demonstrates that H3.3 accumulates to near saturation levels in the chromatin of various somatic mouse tissues by late adulthood. Accumulation of H3.3 is associated with profound changes in genome-wide levels of both individual and
combinatorial H3 modifications.",K4unK27unR8unR17unR26unK9me1K14me1K18acK23acK36me3
,"<a href=""http://www.uniprot.org/uniprot/#{histone.accessionNumber}"" target=""_blank"">P84244</a>",Histone H3.3,Mus musculus,"Male C57BL/6J mouse, liver",4,2017-06-05,veit,K9me2K14acK18acK36me3,0.00025286,0,https://www.ebi.ac.uk/pride/archive/projects/PXD005300,ARTKQTARKSTGGKAPRKQLATKAARKSAPSTGGVKKPHRYRPGTVALRE,CrDB000105,"Middle-down proteomics on mouse tissues demonstrates that H3.3 accumulates to near saturation levels in the chromatin of various somatic mouse tissues by late adulthood. Accumulation of H3.3 is associated with profound changes in genome-wide levels of both individual and
combinatorial H3 modifications.",K4unK23unK27unR8unR17unR26unK9me2K14acK18acK36me3
,"<a href=""http://www.uniprot.org/uniprot/#{histone.accessionNumber}"" target=""_blank"">P84244</a>",Histone H3.3,Mus musculus,"Male C57BL/6J mouse, liver",4,2017-06-05,veit,K14acK18acK23acR26me2,6.145e-05,0,https://www.ebi.ac.uk/pride/archive/projects/PXD005300,ARTKQTARKSTGGKAPRKQLATKAARKSAPSTGGVKKPHRYRPGTVALRE,CrDB000105,"Middle-down proteomics on mouse tissues demonstrates that H3.3 accumulates to near saturation levels in the chromatin of various somatic mouse tissues by late adulthood. Accumulation of H3.3 is associated with profound changes in genome-wide levels of both individual and
combinatorial H3 modifications.",K4unK9unK27unK36unR8unR17unK14acK18acK23acR26me2
,"<a href=""http://www.uniprot.org/uniprot/#{histone.accessionNumber}"" target=""_blank"">P84228</a>",Histone H3.2,Mus musculus,"Male C57BL/6J mouse, liver",5,2017-06-05,veit,K9me3K18acK23acK27me2K36me2,0.00017998,0,https://www.ebi.ac.uk/pride/archive/projects/PXD005300,ARTKQTARKSTGGKAPRKQLATKAARKSAPATGGVKKPHRYRPGTVALRE,CrDB000105,"Middle-down proteomics on mouse tissues demonstrates that H3.3 accumulates to near saturation levels in the chromatin of various somatic mouse tissues by late adulthood. Accumulation of H3.3 is associated with profound changes in genome-wide levels of both individual and
combinatorial H3 modifications.",K4unK14unR8unR17unR26unK9me3K18acK23acK27me2K36me2
,"<a href=""http://www.uniprot.org/uniprot/#{histone.accessionNumber}"" target=""_blank"">P84228</a>",Histone H3.2,Mus musculus,"Male C57BL/6J mouse, liver",6,2017-06-05,veit,K9me2K14me1K18acK23acK27me2K36me2,0.00037142,0,https://www.ebi.ac.uk/pride/archive/projects/PXD005300,ARTKQTARKSTGGKAPRKQLATKAARKSAPATGGVKKPHRYRPGTVALRE,CrDB000105,"Middle-down proteomics on mouse tissues demonstrates that H3.3 accumulates to near saturation levels in the chromatin of various somatic mouse tissues by late adulthood. Accumulation of H3.3 is associated with profound changes in genome-wide levels of both individual and
combinatorial H3 modifications.",K4unR8unR17unR26unK9me2K14me1K18acK23acK27me2K36me2
,"<a href=""http://www.uniprot.org/uniprot/#{histone.accessionNumber}"" target=""_blank"">P84244</a>",Histone H3.3,Mus musculus,"Male C57BL/6J mouse, liver",5,2017-06-05,veit,K14acK18acK23acK27me2K36me1,0.00065293,0,https://www.ebi.ac.uk/pride/archive/projects/PXD005300,ARTKQTARKSTGGKAPRKQLATKAARKSAPSTGGVKKPHRYRPGTVALRE,CrDB000105,"Middle-down proteomics on mouse tissues demonstrates that H3.3 accumulates to near saturation levels in the chromatin of various somatic mouse tissues by late adulthood. Accumulation of H3.3 is associated with profound changes in genome-wide levels of both individual and
combinatorial H3 modifications.",K4unK9unR8unR17unR26unK14acK18acK23acK27me2K36me1
,"<a href=""http://www.uniprot.org/uniprot/#{histone.accessionNumber}"" target=""_blank"">P84244</a>",Histone H3.3,Mus musculus,"Male C57BL/6J mouse, liver",5,2017-06-05,veit,K4me1K14acK18acK23me3K36me2,0.00035645,0,https://www.ebi.ac.uk/pride/archive/projects/PXD005300,ARTKQTARKSTGGKAPRKQLATKAARKSAPSTGGVKKPHRYRPGTVALRE,CrDB000105,"Middle-down proteomics on mouse tissues demonstrates that H3.3 accumulates to near saturation levels in the chromatin of various somatic mouse tissues by late adulthood. Accumulation of H3.3 is associated with profound changes in genome-wide levels of both individual and
combinatorial H3 modifications.",K9unK27unR8unR17unR26unK4me1K14acK18acK23me3K36me2
,"<a href=""http://www.uniprot.org/uniprot/#{histone.accessionNumber}"" target=""_blank"">P84244</a>",Histone H3.3,Mus musculus,"Male C57BL/6J mouse, liver",5,2017-06-05,veit,K4me1K9acK14acK23me3K36me2,6.283e-05,0,https://www.ebi.ac.uk/pride/archive/projects/PXD005300,ARTKQTARKSTGGKAPRKQLATKAARKSAPSTGGVKKPHRYRPGTVALRE,CrDB000105,"Middle-down proteomics on mouse tissues demonstrates that H3.3 accumulates to near saturation levels in the chromatin of various somatic mouse tissues by late adulthood. Accumulation of H3.3 is associated with profound changes in genome-wide levels of both individual and
combinatorial H3 modifications.",K18unK27unR8unR17unR26unK4me1K9acK14acK23me3K36me2
,"<a href=""http://www.uniprot.org/uniprot/#{histone.accessionNumber}"" target=""_blank"">P84244</a>",Histone H3.3,Mus musculus,"Male C57BL/6J mouse, liver",5,2017-06-05,veit,K14acK18acK23acR26me1K36me2,0.00014664,0,https://www.ebi.ac.uk/pride/archive/projects/PXD005300,ARTKQTARKSTGGKAPRKQLATKAARKSAPSTGGVKKPHRYRPGTVALRE,CrDB000105,"Middle-down proteomics on mouse tissues demonstrates that H3.3 accumulates to near saturation levels in the chromatin of various somatic mouse tissues by late adulthood. Accumulation of H3.3 is associated with profound changes in genome-wide levels of both individual and
combinatorial H3 modifications.",K4unK9unK27unR8unR17unK14acK18acK23acR26me1K36me2
,"<a href=""http://www.uniprot.org/uniprot/#{histone.accessionNumber}"" target=""_blank"">P84228</a>",Histone H3.2,Mus musculus,"Male C57BL/6J mouse, liver",6,2017-06-05,veit,K9me2K14acK18acK23me1K27me2K36me2,0.00063006,0,https://www.ebi.ac.uk/pride/archive/projects/PXD005300,ARTKQTARKSTGGKAPRKQLATKAARKSAPATGGVKKPHRYRPGTVALRE,CrDB000105,"Middle-down proteomics on mouse tissues demonstrates that H3.3 accumulates to near saturation levels in the chromatin of various somatic mouse tissues by late adulthood. Accumulation of H3.3 is associated with profound changes in genome-wide levels of both individual and
combinatorial H3 modifications.",K4unR8unR17unR26unK9me2K14acK18acK23me1K27me2K36me2
,"<a href=""http://www.uniprot.org/uniprot/#{histone.accessionNumber}"" target=""_blank"">P84244</a>",Histone H3.3,Mus musculus,"Male C57BL/6J mouse, liver",4,2017-06-05,veit,K14acK18acK23me3K27me3,0.00032523,0,https://www.ebi.ac.uk/pride/archive/projects/PXD005300,ARTKQTARKSTGGKAPRKQLATKAARKSAPSTGGVKKPHRYRPGTVALRE,CrDB000105,"Middle-down proteomics on mouse tissues demonstrates that H3.3 accumulates to near saturation levels in the chromatin of various somatic mouse tissues by late adulthood. Accumulation of H3.3 is associated with profound changes in genome-wide levels of both individual and
combinatorial H3 modifications.",K4unK9unK36unR8unR17unR26unK14acK18acK23me3K27me3
,"<a href=""http://www.uniprot.org/uniprot/#{histone.accessionNumber}"" target=""_blank"">P84244</a>",Histone H3.3,Mus musculus,"Male C57BL/6J mouse, liver",6,2017-06-05,veit,K9me2K14me1K18acK23acK27me1K36me2,0.00027754,0,https://www.ebi.ac.uk/pride/archive/projects/PXD005300,ARTKQTARKSTGGKAPRKQLATKAARKSAPSTGGVKKPHRYRPGTVALRE,CrDB000105,"Middle-down proteomics on mouse tissues demonstrates that H3.3 accumulates to near saturation levels in the chromatin of various somatic mouse tissues by late adulthood. Accumulation of H3.3 is associated with profound changes in genome-wide levels of both individual and
combinatorial H3 modifications.",K4unR8unR17unR26unK9me2K14me1K18acK23acK27me1K36me2
,"<a href=""http://www.uniprot.org/uniprot/#{histone.accessionNumber}"" target=""_blank"">P84244</a>",Histone H3.3,Mus musculus,"Male C57BL/6J mouse, liver",5,2017-06-05,veit,K14acK18acK23acR26me1K27me3,0.00013757,0,https://www.ebi.ac.uk/pride/archive/projects/PXD005300,ARTKQTARKSTGGKAPRKQLATKAARKSAPSTGGVKKPHRYRPGTVALRE,CrDB000105,"Middle-down proteomics on mouse tissues demonstrates that H3.3 accumulates to near saturation levels in the chromatin of various somatic mouse tissues by late adulthood. Accumulation of H3.3 is associated with profound changes in genome-wide levels of both individual and
combinatorial H3 modifications.",K4unK9unK36unR8unR17unK14acK18acK23acR26me1K27me3
,"<a href=""http://www.uniprot.org/uniprot/#{histone.accessionNumber}"" target=""_blank"">P84244</a>",Histone H3.3,Mus musculus,"Male C57BL/6J mouse, liver",6,2017-06-05,veit,K9me2K14me2K18acK23acK27me2K36me2,0.00030789,0,https://www.ebi.ac.uk/pride/archive/projects/PXD005300,ARTKQTARKSTGGKAPRKQLATKAARKSAPSTGGVKKPHRYRPGTVALRE,CrDB000105,"Middle-down proteomics on mouse tissues demonstrates that H3.3 accumulates to near saturation levels in the chromatin of various somatic mouse tissues by late adulthood. Accumulation of H3.3 is associated with profound changes in genome-wide levels of both individual and
combinatorial H3 modifications.",K4unR8unR17unR26unK9me2K14me2K18acK23acK27me2K36me2
,"<a href=""http://www.uniprot.org/uniprot/#{histone.accessionNumber}"" target=""_blank"">P84244</a>",Histone H3.3,Mus musculus,"Male C57BL/6J mouse, liver",6,2017-06-05,veit,K9me2K14acK18acK23acK27me2K36me2,0.00022335,0,https://www.ebi.ac.uk/pride/archive/projects/PXD005300,ARTKQTARKSTGGKAPRKQLATKAARKSAPSTGGVKKPHRYRPGTVALRE,CrDB000105,"Middle-down proteomics on mouse tissues demonstrates that H3.3 accumulates to near saturation levels in the chromatin of various somatic mouse tissues by late adulthood. Accumulation of H3.3 is associated with profound changes in genome-wide levels of both individual and
combinatorial H3 modifications.",K4unR8unR17unR26unK9me2K14acK18acK23acK27me2K36me2
